19896 7284 0 0 0 0 0 0 0 0 0 0 0 0 0 0 0 0 0 0 
7284 19598 4671 0 0 0 0 0 0 0 0 0 0 0 0 0 0 0 0 0 
0 4671 19390 5943 0 0 0 0 0 0 0 0 0 0 0 0 0 0 0 0 
0 0 5943 29020 9532 0 0 0 0 0 0 0 0 0 0 0 0 0 0 0 
0 0 0 9532 42716 13111 0 0 0 0 0 0 0 0 0 0 0 0 0 0 
0 0 0 0 13111 55890 15481 0 0 0 0 0 0 0 0 0 0 0 0 0 
0 0 0 0 0 15481 65370 19931 0 0 0 0 0 0 0 0 0 0 0 0 
0 0 0 0 0 0 19931 84798 24233 0 0 0 0 0 0 0 0 0 0 0 
0 0 0 0 0 0 0 24233 104262 30180 0 0 0 0 0 0 0 0 0 0 
0 0 0 0 0 0 0 0 30180 127430 37015 0 0 0 0 0 0 0 0 0 
0 0 0 0 0 0 0 0 0 37015 151214 41760 0 0 0 0 0 0 0 0 
0 0 0 0 0 0 0 0 0 0 41760 171498 48168 0 0 0 0 0 0 0 
0 0 0 0 0 0 0 0 0 0 0 48168 202046 56654 0 0 0 0 0 0 
0 0 0 0 0 0 0 0 0 0 0 0 56654 236210 65419 0 0 0 0 0 
0 0 0 0 0 0 0 0 0 0 0 0 0 65419 267270 73461 0 0 0 0 
0 0 0 0 0 0 0 0 0 0 0 0 0 0 73461 302486 83748 0 0 0 
0 0 0 0 0 0 0 0 0 0 0 0 0 0 0 83748 343754 93695 0 0 
0 0 0 0 0 0 0 0 0 0 0 0 0 0 0 0 93695 385524 104469 0 
0 0 0 0 0 0 0 0 0 0 0 0 0 0 0 0 0 104469 420988 116229 
0 0 0 0 0 0 0 0 0 0 0 0 0 0 0 0 0 0 116229 474556 


7284 19598 4671 0 0 0 0 0 0 0 0 0 0 0 0 0 0 0 0 0 
19598 20940 15054 3444 0 0 0 0 0 0 0 0 0 0 0 0 0 0 0 0 
4671 15054 16544 18015 4317 0 0 0 0 0 0 0 0 0 0 0 0 0 0 0 
0 3444 18015 24226 25748 6287 0 0 0 0 0 0 0 0 0 0 0 0 0 0 
0 0 4317 25748 36050 35099 7626 0 0 0 0 0 0 0 0 0 0 0 0 0 
0 0 0 6287 35099 46720 43179 9595 0 0 0 0 0 0 0 0 0 0 0 0 
0 0 0 0 7626 43179 56910 54965 11195 0 0 0 0 0 0 0 0 0 0 0 
0 0 0 0 0 9595 54965 74010 66496 13144 0 0 0 0 0 0 0 0 0 0 
0 0 0 0 0 0 11195 66496 91216 82444 16133 0 0 0 0 0 0 0 0 0 
0 0 0 0 0 0 0 13144 82444 110302 99108 19036 0 0 0 0 0 0 0 0 
0 0 0 0 0 0 0 0 16133 99108 131870 114367 21978 0 0 0 0 0 0 0 
0 0 0 0 0 0 0 0 0 19036 114367 152776 132085 25538 0 0 0 0 0 0 
0 0 0 0 0 0 0 0 0 0 21978 132085 175190 154014 30010 0 0 0 0 0 
0 0 0 0 0 0 0 0 0 0 0 25538 154014 204244 177195 33984 0 0 0 0 
0 0 0 0 0 0 0 0 0 0 0 0 30010 177195 231398 200840 37904 0 0 0 
0 0 0 0 0 0 0 0 0 0 0 0 0 33984 200840 263296 227943 43049 0 0 
0 0 0 0 0 0 0 0 0 0 0 0 0 0 37904 227943 299408 255336 48098 0 
0 0 0 0 0 0 0 0 0 0 0 0 0 0 0 43049 255336 332988 281521 52852 
0 0 0 0 0 0 0 0 0 0 0 0 0 0 0 0 48098 281521 363692 311696 
0 0 0 0 0 0 0 0 0 0 0 0 0 0 0 0 0 52852 311696 411672 


0 4671 19390 5943 0 0 0 0 0 0 0 0 0 0 0 0 0 0 0 0 
4671 15054 16544 18015 4317 0 0 0 0 0 0 0 0 0 0 0 0 0 0 0 
19390 16544 13152 16978 18814 4564 0 0 0 0 0 0 0 0 0 0 0 0 0 0 
5943 18015 16978 20116 24857 25350 6706 0 0 0 0 0 0 0 0 0 0 0 0 0 
0 4317 18814 24857 30204 34112 34239 8805 0 0 0 0 0 0 0 0 0 0 0 0 
0 0 4564 25350 34112 38966 43049 42975 10405 0 0 0 0 0 0 0 0 0 0 0 
0 0 0 6706 34239 43049 47190 54156 53203 12197 0 0 0 0 0 0 0 0 0 0 
0 0 0 0 8805 42975 54156 60930 68305 64376 14559 0 0 0 0 0 0 0 0 0 
0 0 0 0 0 10405 53203 68305 75628 83598 78167 17768 0 0 0 0 0 0 0 0 
0 0 0 0 0 0 12197 64376 83598 89686 99517 92128 20931 0 0 0 0 0 0 0 
0 0 0 0 0 0 0 14559 78167 99517 108534 118150 108876 24060 0 0 0 0 0 0 
0 0 0 0 0 0 0 0 17768 92128 118150 127190 137677 126359 28157 0 0 0 0 0 
0 0 0 0 0 0 0 0 0 20931 108876 137677 147592 158878 145267 32298 0 0 0 0 
0 0 0 0 0 0 0 0 0 0 24060 126359 158878 167662 181377 164417 36128 0 0 0 
0 0 0 0 0 0 0 0 0 0 0 28157 145267 181377 193436 207241 187272 40841 0 0 
0 0 0 0 0 0 0 0 0 0 0 0 32298 164417 207241 222478 235972 210230 45496 0 
0 0 0 0 0 0 0 0 0 0 0 0 0 36128 187272 235972 250392 264795 233647 51614 
0 0 0 0 0 0 0 0 0 0 0 0 0 0 40841 210230 264795 281542 292908 260334 
0 0 0 0 0 0 0 0 0 0 0 0 0 0 0 45496 233647 292908 309692 328563 
0 0 0 0 0 0 0 0 0 0 0 0 0 0 0 0 51614 260334 328563 346530 


0 0 5943 29020 9532 0 0 0 0 0 0 0 0 0 0 0 0 0 0 0 
0 3444 18015 24226 25748 6287 0 0 0 0 0 0 0 0 0 0 0 0 0 0 
5943 18015 16978 20116 24857 25350 6706 0 0 0 0 0 0 0 0 0 0 0 0 0 
29020 24226 20116 24954 30236 35144 35100 9100 0 0 0 0 0 0 0 0 0 0 0 0 
9532 25748 24857 30236 35568 41215 46941 48177 11847 0 0 0 0 0 0 0 0 0 0 0 
0 6287 25350 35144 41215 46328 52267 60996 59992 13861 0 0 0 0 0 0 0 0 0 0 
0 0 6706 35100 46941 52267 57806 65764 76071 72259 16555 0 0 0 0 0 0 0 0 0 
0 0 0 9100 48177 60996 65764 74356 81736 92080 86944 19380 0 0 0 0 0 0 0 0 
0 0 0 0 11847 59992 76071 81736 92694 101295 111386 103525 24040 0 0 0 0 0 0 0 
0 0 0 0 0 13861 72259 92080 101295 112932 122246 133888 124144 27864 0 0 0 0 0 0 
0 0 0 0 0 0 16555 86944 111386 122246 133858 144165 158556 143589 32746 0 0 0 0 0 
0 0 0 0 0 0 0 19380 103525 133888 144165 157458 168458 180876 166816 38116 0 0 0 0 
0 0 0 0 0 0 0 0 24040 124144 158556 168458 182554 195801 209681 190747 43246 0 0 0 
0 0 0 0 0 0 0 0 0 27864 143589 180876 195801 210584 223682 241524 219677 48329 0 0 
0 0 0 0 0 0 0 0 0 0 32746 166816 209681 223682 240732 257768 274377 246430 54901 0 
0 0 0 0 0 0 0 0 0 0 0 38116 190747 241524 257768 277384 292919 310217 276488 61984 
0 0 0 0 0 0 0 0 0 0 0 0 43246 219677 274377 292919 306646 326077 344513 308648 
0 0 0 0 0 0 0 0 0 0 0 0 0 48329 246430 310217 326077 344502 362717 383723 
0 0 0 0 0 0 0 0 0 0 0 0 0 0 54901 276488 344513 362717 382254 402725 
0 0 0 0 0 0 0 0 0 0 0 0 0 0 0 61984 308648 383723 402725 430656 


0 0 0 9532 42716 13111 0 0 0 0 0 0 0 0 0 0 0 0 0 0 
0 0 4317 25748 36050 35099 7626 0 0 0 0 0 0 0 0 0 0 0 0 0 
0 4317 18814 24857 30204 34112 34239 8805 0 0 0 0 0 0 0 0 0 0 0 0 
9532 25748 24857 30236 35568 41215 46941 48177 11847 0 0 0 0 0 0 0 0 0 0 0 
42716 36050 30204 35568 41988 47996 54980 65520 62848 14870 0 0 0 0 0 0 0 0 0 0 
13111 35099 34112 41215 47996 54054 61965 71922 81721 78336 17805 0 0 0 0 0 0 0 0 0 
0 7626 34239 46941 54980 61965 69068 78279 88952 99040 92802 21197 0 0 0 0 0 0 0 0 
0 0 8805 48177 65520 71922 78279 89106 98845 109109 119371 109641 24835 0 0 0 0 0 0 0 
0 0 0 11847 62848 81721 88952 98845 109450 121023 131761 143196 132522 29883 0 0 0 0 0 0 
0 0 0 0 14870 78336 99040 109109 121023 133872 145280 157956 171510 156779 34421 0 0 0 0 0 
0 0 0 0 0 17805 92802 119371 131761 145280 159976 169626 186537 198437 180513 40557 0 0 0 0 
0 0 0 0 0 0 21197 109641 143196 157956 169626 187256 200504 214046 231609 210195 46514 0 0 0 
0 0 0 0 0 0 0 24835 132522 171510 186537 200504 215398 233058 249513 267515 240199 52407 0 0 
0 0 0 0 0 0 0 0 29883 156779 198437 214046 233058 251496 268196 286151 304901 272423 58549 0 
0 0 0 0 0 0 0 0 0 34421 180513 231609 249513 268196 286320 307009 324848 343219 306801 66494 
0 0 0 0 0 0 0 0 0 0 40557 210195 267515 286151 307009 325802 343765 363643 388436 345362 
0 0 0 0 0 0 0 0 0 0 0 46514 240199 304901 324848 343765 365722 383549 408574 434460 
0 0 0 0 0 0 0 0 0 0 0 0 52407 272423 343219 363643 383549 410330 430843 455271 
0 0 0 0 0 0 0 0 0 0 0 0 0 58549 306801 388436 408574 430843 453412 478522 
0 0 0 0 0 0 0 0 0 0 0 0 0 0 66494 345362 434460 455271 478522 506242 


0 0 0 0 13111 55890 15481 0 0 0 0 0 0 0 0 0 0 0 0 0 
0 0 0 6287 35099 46720 43179 9595 0 0 0 0 0 0 0 0 0 0 0 0 
0 0 4564 25350 34112 38966 43049 42975 10405 0 0 0 0 0 0 0 0 0 0 0 
0 6287 25350 35144 41215 46328 52267 60996 59992 13861 0 0 0 0 0 0 0 0 0 0 
13111 35099 34112 41215 47996 54054 61965 71922 81721 78336 17805 0 0 0 0 0 0 0 0 0 
55890 46720 38966 46328 54054 59874 69172 79832 89524 100962 94090 20988 0 0 0 0 0 0 0 0 
15481 43179 43049 52267 61965 69172 77044 87880 100351 108173 119223 111503 25013 0 0 0 0 0 0 0 
0 9595 42975 60996 71922 79832 87880 99680 110704 122522 132942 142998 132362 29701 0 0 0 0 0 0 
0 0 10405 59992 81721 89524 100351 110704 123128 136136 146927 160184 174630 159853 35186 0 0 0 0 0 
0 0 0 13861 78336 100962 108173 122522 136136 149628 162464 176631 192988 206886 186780 41161 0 0 0 0 
0 0 0 0 17805 94090 119223 132942 146927 162464 178956 193543 208394 224639 240665 218384 47369 0 0 0 
0 0 0 0 0 20988 111503 142998 160184 176631 193543 209914 227185 243219 260300 278814 248891 54337 0 0 
0 0 0 0 0 0 25013 132362 174630 192988 208394 227185 244844 264469 281587 302619 318111 282219 61269 0 
0 0 0 0 0 0 0 29701 159853 206886 224639 243219 264469 282816 301236 324528 344362 361525 320580 69370 
0 0 0 0 0 0 0 0 35186 186780 240665 260300 281587 301236 321306 344318 368314 387826 408788 360014 
0 0 0 0 0 0 0 0 0 41161 218384 278814 302619 324528 344318 368714 389507 412408 436641 461208 
0 0 0 0 0 0 0 0 0 0 47369 248891 318111 344362 368314 389507 410624 436812 460443 486327 
0 0 0 0 0 0 0 0 0 0 0 54337 282219 361525 387826 412408 436812 464772 487906 514027 
0 0 0 0 0 0 0 0 0 0 0 0 61269 320580 408788 436641 460443 487906 509226 539243 
0 0 0 0 0 0 0 0 0 0 0 0 0 69370 360014 461208 486327 514027 539243 571552 


0 0 0 0 0 15481 65370 19931 0 0 0 0 0 0 0 0 0 0 0 0 
0 0 0 0 7626 43179 56910 54965 11195 0 0 0 0 0 0 0 0 0 0 0 
0 0 0 6706 34239 43049 47190 54156 53203 12197 0 0 0 0 0 0 0 0 0 0 
0 0 6706 35100 46941 52267 57806 65764 76071 72259 16555 0 0 0 0 0 0 0 0 0 
0 7626 34239 46941 54980 61965 69068 78279 88952 99040 92802 21197 0 0 0 0 0 0 0 0 
15481 43179 43049 52267 61965 69172 77044 87880 100351 108173 119223 111503 25013 0 0 0 0 0 0 0 
65370 56910 47190 57806 69068 77044 85992 98620 111524 119948 132422 144532 132842 28872 0 0 0 0 0 0 
19931 54965 54156 65764 78279 87880 98620 110372 123364 134729 147654 159202 173875 156987 33729 0 0 0 0 0 
0 11195 53203 76071 88952 100351 111524 123364 136730 150623 163730 178918 193801 208415 187719 41483 0 0 0 0 
0 0 12197 72259 99040 108173 119948 134729 150623 167484 181540 196921 213791 229139 246402 223159 48647 0 0 0 
0 0 0 16555 92802 119223 132422 147654 163730 181540 199704 215815 232325 250197 267230 288562 253846 55224 0 0 
0 0 0 0 21197 111503 144532 159202 178918 196921 215815 233138 252450 271425 289253 310219 326184 290515 63006 0 
0 0 0 0 0 25013 132842 173875 193801 213791 232325 252450 273960 291846 310526 334142 351317 370896 329411 71313 
0 0 0 0 0 0 28872 156987 208415 229139 250197 271425 291846 315312 335681 359977 381186 402930 423026 375813 
0 0 0 0 0 0 0 33729 187719 246402 267230 289253 310526 335681 356308 381926 405164 431348 450010 476325 
0 0 0 0 0 0 0 0 41483 223159 288562 310219 334142 359977 381926 409192 430820 457803 482330 508996 
0 0 0 0 0 0 0 0 0 48647 253846 326184 351317 381186 405164 430820 455834 484595 511406 536017 
0 0 0 0 0 0 0 0 0 0 55224 290515 370896 402930 431348 457803 484595 511442 543774 569124 
0 0 0 0 0 0 0 0 0 0 0 63006 329411 423026 450010 482330 511406 543774 571808 599952 
0 0 0 0 0 0 0 0 0 0 0 0 71313 375813 476325 508996 536017 569124 599952 633182 


0 0 0 0 0 0 19931 84798 24233 0 0 0 0 0 0 0 0 0 0 0 
0 0 0 0 0 9595 54965 74010 66496 13144 0 0 0 0 0 0 0 0 0 0 
0 0 0 0 8805 42975 54156 60930 68305 64376 14559 0 0 0 0 0 0 0 0 0 
0 0 0 9100 48177 60996 65764 74356 81736 92080 86944 19380 0 0 0 0 0 0 0 0 
0 0 8805 48177 65520 71922 78279 89106 98845 109109 119371 109641 24835 0 0 0 0 0 0 0 
0 9595 42975 60996 71922 79832 87880 99680 110704 122522 132942 142998 132362 29701 0 0 0 0 0 0 
19931 54965 54156 65764 78279 87880 98620 110372 123364 134729 147654 159202 173875 156987 33729 0 0 0 0 0 
84798 74010 60930 74356 89106 99680 110372 121296 137138 152652 165214 179574 194462 206468 188072 40470 0 0 0 0 
24233 66496 68305 81736 98845 110704 123364 137138 154450 168629 185391 200038 217174 231847 245800 223424 48101 0 0 0 
0 13144 64376 92080 109109 122522 134729 152652 168629 185882 203904 220680 239160 257534 272557 292906 259001 55636 0 0 
0 0 14559 86944 119371 132942 147654 165214 185391 203904 221268 240724 260256 280937 298614 318227 336395 297240 64270 0 
0 0 0 19380 109641 142998 159202 179574 200038 220680 240724 261274 281547 302962 321844 345279 363731 384612 339176 72532 
0 0 0 0 24835 132362 173875 194462 217174 239160 260256 281547 304918 328357 348192 372488 392308 415059 437650 383801 
0 0 0 0 0 29701 156987 206468 231847 257534 280937 302962 328357 354802 375263 402420 424435 448056 472863 497851 
0 0 0 0 0 0 33729 188072 245800 272557 298614 321844 348192 375263 403416 428813 454439 478309 504469 532728 
0 0 0 0 0 0 0 40470 223424 292906 318227 345279 372488 402420 428813 461820 485189 514567 538299 570525 
0 0 0 0 0 0 0 0 48101 259001 336395 363731 392308 424435 454439 485189 511806 542092 570299 602538 
0 0 0 0 0 0 0 0 0 55636 297240 384612 415059 448056 478309 514567 542092 569608 604202 638017 
0 0 0 0 0 0 0 0 0 0 64270 339176 437650 472863 504469 538299 570299 604202 635136 674363 
0 0 0 0 0 0 0 0 0 0 0 72532 383801 497851 532728 570525 602538 638017 674363 712378 


0 0 0 0 0 0 0 24233 104262 30180 0 0 0 0 0 0 0 0 0 0 
0 0 0 0 0 0 11195 66496 91216 82444 16133 0 0 0 0 0 0 0 0 0 
0 0 0 0 0 10405 53203 68305 75628 83598 78167 17768 0 0 0 0 0 0 0 0 
0 0 0 0 11847 59992 76071 81736 92694 101295 111386 103525 24040 0 0 0 0 0 0 0 
0 0 0 11847 62848 81721 88952 98845 109450 121023 131761 143196 132522 29883 0 0 0 0 0 0 
0 0 10405 59992 81721 89524 100351 110704 123128 136136 146927 160184 174630 159853 35186 0 0 0 0 0 
0 11195 53203 76071 88952 100351 111524 123364 136730 150623 163730 178918 193801 208415 187719 41483 0 0 0 0 
24233 66496 68305 81736 98845 110704 123364 137138 154450 168629 185391 200038 217174 231847 245800 223424 48101 0 0 0 
104262 91216 75628 92694 109450 123128 136730 154450 174840 188036 205016 224018 242070 260316 274930 292926 260808 56606 0 0 
30180 82444 83598 101295 121023 136136 150623 168629 188036 207870 225743 244747 264804 286251 303493 325372 343901 303506 66333 0 
0 16133 78167 111386 131761 146927 163730 185391 205016 225743 246684 267472 288233 311939 330191 354016 374742 395172 350631 74935 
0 0 17768 103525 143196 160184 178918 200038 224018 244747 267472 291170 312767 334316 357004 384019 406776 428926 450968 400194 
0 0 0 24040 132522 174630 193801 217174 242070 264804 288233 312767 336150 361477 386315 413294 436011 463100 487359 511415 
0 0 0 0 29883 159853 208415 231847 260316 286251 311939 334316 361477 390040 417418 446859 470434 500010 524398 553103 
0 0 0 0 0 35186 187719 245800 274930 303493 330191 357004 386315 417418 447074 478734 502595 531711 559885 592392 
0 0 0 0 0 0 41483 223424 292926 325372 354016 384019 413294 446859 478734 513468 538558 571026 600238 632433 
0 0 0 0 0 0 0 48101 260808 343901 374742 406776 436011 470434 502595 538558 569886 599962 635506 667942 
0 0 0 0 0 0 0 0 56606 303506 395172 428926 463100 500010 531711 571026 599962 632760 668839 709856 
0 0 0 0 0 0 0 0 0 66333 350631 450968 487359 524398 559885 600238 635506 668839 706636 747770 
0 0 0 0 0 0 0 0 0 0 74935 400194 511415 553103 592392 632433 667942 709856 747770 790654 


0 0 0 0 0 0 0 0 30180 127430 37015 0 0 0 0 0 0 0 0 0 
0 0 0 0 0 0 0 13144 82444 110302 99108 19036 0 0 0 0 0 0 0 0 
0 0 0 0 0 0 12197 64376 83598 89686 99517 92128 20931 0 0 0 0 0 0 0 
0 0 0 0 0 13861 72259 92080 101295 112932 122246 133888 124144 27864 0 0 0 0 0 0 
0 0 0 0 14870 78336 99040 109109 121023 133872 145280 157956 171510 156779 34421 0 0 0 0 0 
0 0 0 13861 78336 100962 108173 122522 136136 149628 162464 176631 192988 206886 186780 41161 0 0 0 0 
0 0 12197 72259 99040 108173 119948 134729 150623 167484 181540 196921 213791 229139 246402 223159 48647 0 0 0 
0 13144 64376 92080 109109 122522 134729 152652 168629 185882 203904 220680 239160 257534 272557 292906 259001 55636 0 0 
30180 82444 83598 101295 121023 136136 150623 168629 188036 207870 225743 244747 264804 286251 303493 325372 343901 303506 66333 0 
127430 110302 89686 112932 133872 149628 167484 185882 207870 229044 249182 270140 291554 314926 334396 360100 379000 399540 352520 76030 
37015 99108 99517 122246 145280 162464 181540 203904 225743 249182 271270 295419 319595 342714 363324 389680 411249 435400 459987 403102 
0 19036 92128 133888 157956 176631 196921 220680 244747 270140 295419 320902 345755 369393 393824 422100 446235 471792 496014 524249 
0 0 20931 124144 171510 192988 213791 239160 264804 291554 319595 345755 371130 399873 425839 454908 481004 509742 534573 566594 
0 0 0 27864 156779 206886 229139 257534 286251 314926 342714 369393 399873 432660 457879 488745 518718 547221 576300 608543 
0 0 0 0 34421 186780 246402 272557 303493 334396 363324 393824 425839 457879 489604 523798 554905 585420 616837 652275 
0 0 0 0 0 41161 223159 292906 325372 360100 389680 422100 454908 488745 523798 563138 595418 628598 662107 697714 
0 0 0 0 0 0 48647 259001 343901 379000 411249 446235 481004 518718 554905 595418 626796 661270 696742 736935 
0 0 0 0 0 0 0 55636 303506 399540 435400 471792 509742 547221 585420 628598 661270 698796 737864 779167 
0 0 0 0 0 0 0 0 66333 352520 459987 496014 534573 576300 616837 662107 696742 737864 777880 821853 
0 0 0 0 0 0 0 0 0 76030 403102 524249 566594 608543 652275 697714 736935 779167 821853 870160 


0 0 0 0 0 0 0 0 0 37015 151214 41760 0 0 0 0 0 0 0 0 
0 0 0 0 0 0 0 0 16133 99108 131870 114367 21978 0 0 0 0 0 0 0 
0 0 0 0 0 0 0 14559 78167 99517 108534 118150 108876 24060 0 0 0 0 0 0 
0 0 0 0 0 0 16555 86944 111386 122246 133858 144165 158556 143589 32746 0 0 0 0 0 
0 0 0 0 0 17805 92802 119371 131761 145280 159976 169626 186537 198437 180513 40557 0 0 0 0 
0 0 0 0 17805 94090 119223 132942 146927 162464 178956 193543 208394 224639 240665 218384 47369 0 0 0 
0 0 0 16555 92802 119223 132422 147654 163730 181540 199704 215815 232325 250197 267230 288562 253846 55224 0 0 
0 0 14559 86944 119371 132942 147654 165214 185391 203904 221268 240724 260256 280937 298614 318227 336395 297240 64270 0 
0 16133 78167 111386 131761 146927 163730 185391 205016 225743 246684 267472 288233 311939 330191 354016 374742 395172 350631 74935 
37015 99108 99517 122246 145280 162464 181540 203904 225743 249182 271270 295419 319595 342714 363324 389680 411249 435400 459987 403102 
151214 131870 108534 133858 159976 178956 199704 221268 246684 271270 298782 325214 349892 376818 398396 429540 449732 473874 501864 533472 
41760 114367 118150 144165 169626 193543 215815 240724 267472 295419 325214 349942 377256 405646 431123 462402 485283 514696 541066 572970 
0 21978 108876 158556 186537 208394 232325 260256 288233 319595 349892 377256 403522 435596 464464 498302 524782 555796 584604 621190 
0 0 24060 143589 198437 224639 250197 280937 311939 342714 376818 405646 435596 467944 500890 536424 567946 601836 630012 666967 
0 0 0 32746 180513 240665 267230 298614 330191 363324 398396 431123 464464 500890 532896 572386 603220 642973 673524 713704 
0 0 0 0 40557 218384 288562 318227 354016 389680 429540 462402 498302 536424 572386 612026 647596 687339 721867 764271 
0 0 0 0 0 47369 253846 336395 374742 411249 449732 485283 524782 567946 603220 647596 682864 724193 760435 804826 
0 0 0 0 0 0 55224 297240 395172 435400 473874 514696 555796 601836 642973 687339 724193 763720 805800 849804 
0 0 0 0 0 0 0 64270 350631 459987 501864 541066 584604 630012 673524 721867 760435 805800 851996 897805 
0 0 0 0 0 0 0 0 74935 403102 533472 572970 621190 666967 713704 764271 804826 849804 897805 949894 


0 0 0 0 0 0 0 0 0 0 41760 171498 48168 0 0 0 0 0 0 0 
0 0 0 0 0 0 0 0 0 19036 114367 152776 132085 25538 0 0 0 0 0 0 
0 0 0 0 0 0 0 0 17768 92128 118150 127190 137677 126359 28157 0 0 0 0 0 
0 0 0 0 0 0 0 19380 103525 133888 144165 157458 168458 180876 166816 38116 0 0 0 0 
0 0 0 0 0 0 21197 109641 143196 157956 169626 187256 200504 214046 231609 210195 46514 0 0 0 
0 0 0 0 0 20988 111503 142998 160184 176631 193543 209914 227185 243219 260300 278814 248891 54337 0 0 
0 0 0 0 21197 111503 144532 159202 178918 196921 215815 233138 252450 271425 289253 310219 326184 290515 63006 0 
0 0 0 19380 109641 142998 159202 179574 200038 220680 240724 261274 281547 302962 321844 345279 363731 384612 339176 72532 
0 0 17768 103525 143196 160184 178918 200038 224018 244747 267472 291170 312767 334316 357004 384019 406776 428926 450968 400194 
0 19036 92128 133888 157956 176631 196921 220680 244747 270140 295419 320902 345755 369393 393824 422100 446235 471792 496014 524249 
41760 114367 118150 144165 169626 193543 215815 240724 267472 295419 325214 349942 377256 405646 431123 462402 485283 514696 541066 572970 
171498 152776 127190 157458 187256 209914 233138 261274 291170 320902 349942 378180 406002 437598 464638 498664 525658 556152 582324 618560 
48168 132085 137677 168458 200504 227185 252450 281547 312767 345755 377256 406002 435306 470515 501053 535048 565853 600791 631719 668060 
0 25538 126359 180876 214046 243219 271425 302962 334316 369393 405646 437598 470515 505386 538937 579069 612972 647757 680771 720043 
0 0 28157 166816 231609 260300 289253 321844 357004 393824 431123 464638 501053 538937 575232 615891 653762 690953 728650 769632 
0 0 0 38116 210195 278814 310219 345279 384019 422100 462402 498664 535048 579069 615891 661772 699326 740648 780636 823951 
0 0 0 0 46514 248891 326184 363731 406776 446235 485283 525658 565853 612972 653762 699326 735240 778577 822356 869161 
0 0 0 0 0 54337 290515 384612 428926 471792 514696 556152 600791 647757 690953 740648 778577 826304 870353 917068 
0 0 0 0 0 0 63006 339176 450968 496014 541066 582324 631719 680771 728650 780636 822356 870353 917784 969156 
0 0 0 0 0 0 0 72532 400194 524249 572970 618560 668060 720043 769632 823951 869161 917068 969156 1.0256e+06 


0 0 0 0 0 0 0 0 0 0 0 48168 202046 56654 0 0 0 0 0 0 
0 0 0 0 0 0 0 0 0 0 21978 132085 175190 154014 30010 0 0 0 0 0 
0 0 0 0 0 0 0 0 0 20931 108876 137677 147592 158878 145267 32298 0 0 0 0 
0 0 0 0 0 0 0 0 24040 124144 158556 168458 182554 195801 209681 190747 43246 0 0 0 
0 0 0 0 0 0 0 24835 132522 171510 186537 200504 215398 233058 249513 267515 240199 52407 0 0 
0 0 0 0 0 0 25013 132362 174630 192988 208394 227185 244844 264469 281587 302619 318111 282219 61269 0 
0 0 0 0 0 25013 132842 173875 193801 213791 232325 252450 273960 291846 310526 334142 351317 370896 329411 71313 
0 0 0 0 24835 132362 173875 194462 217174 239160 260256 281547 304918 328357 348192 372488 392308 415059 437650 383801 
0 0 0 24040 132522 174630 193801 217174 242070 264804 288233 312767 336150 361477 386315 413294 436011 463100 487359 511415 
0 0 20931 124144 171510 192988 213791 239160 264804 291554 319595 345755 371130 399873 425839 454908 481004 509742 534573 566594 
0 21978 108876 158556 186537 208394 232325 260256 288233 319595 349892 377256 403522 435596 464464 498302 524782 555796 584604 621190 
48168 132085 137677 168458 200504 227185 252450 281547 312767 345755 377256 406002 435306 470515 501053 535048 565853 600791 631719 668060 
202046 175190 147592 182554 215398 244844 273960 304918 336150 371130 403522 435306 471306 507722 542208 578744 611330 644888 685902 720048 
56654 154014 158878 195801 233058 264469 291846 328357 361477 399873 435596 470515 507722 549888 584745 624291 660824 697328 737111 774093 
0 30010 145267 209681 249513 281587 310526 348192 386315 425839 464464 501053 542208 584745 619468 664899 703768 747575 786787 828595 
0 0 32298 190747 267515 302619 334142 372488 413294 454908 498302 535048 578744 624291 664899 711614 755063 798670 841241 885704 
0 0 0 43246 240199 318111 351317 392308 436011 481004 524782 565853 611330 660824 703768 755063 796854 841387 885172 934347 
0 0 0 0 52407 282219 370896 415059 463100 509742 555796 600791 644888 697328 747575 798670 841387 890960 938264 991712 
0 0 0 0 0 61269 329411 437650 487359 534573 584604 631719 685902 737111 786787 841241 885172 938264 988450 1.04222e+06 
0 0 0 0 0 0 71313 383801 511415 566594 621190 668060 720048 774093 828595 885704 934347 991712 1.04222e+06 1.10284e+06 


0 0 0 0 0 0 0 0 0 0 0 0 56654 236210 65419 0 0 0 0 0 
0 0 0 0 0 0 0 0 0 0 0 25538 154014 204244 177195 33984 0 0 0 0 
0 0 0 0 0 0 0 0 0 0 24060 126359 158878 167662 181377 164417 36128 0 0 0 
0 0 0 0 0 0 0 0 0 27864 143589 180876 195801 210584 223682 241524 219677 48329 0 0 
0 0 0 0 0 0 0 0 29883 156779 198437 214046 233058 251496 268196 286151 304901 272423 58549 0 
0 0 0 0 0 0 0 29701 159853 206886 224639 243219 264469 282816 301236 324528 344362 361525 320580 69370 
0 0 0 0 0 0 28872 156987 208415 229139 250197 271425 291846 315312 335681 359977 381186 402930 423026 375813 
0 0 0 0 0 29701 156987 206468 231847 257534 280937 302962 328357 354802 375263 402420 424435 448056 472863 497851 
0 0 0 0 29883 159853 208415 231847 260316 286251 311939 334316 361477 390040 417418 446859 470434 500010 524398 553103 
0 0 0 27864 156779 206886 229139 257534 286251 314926 342714 369393 399873 432660 457879 488745 518718 547221 576300 608543 
0 0 24060 143589 198437 224639 250197 280937 311939 342714 376818 405646 435596 467944 500890 536424 567946 601836 630012 666967 
0 25538 126359 180876 214046 243219 271425 302962 334316 369393 405646 437598 470515 505386 538937 579069 612972 647757 680771 720043 
56654 154014 158878 195801 233058 264469 291846 328357 361477 399873 435596 470515 507722 549888 584745 624291 660824 697328 737111 774093 
236210 204244 167662 210584 251496 282816 315312 354802 390040 432660 467944 505386 549888 594222 630718 671260 710778 753088 794912 838022 
65419 177195 181377 223682 268196 301236 335681 375263 417418 457879 500890 538937 584745 630718 669512 717737 760293 805611 846525 895697 
0 33984 164417 241524 286151 324528 359977 402420 446859 488745 536424 579069 624291 671260 717737 766706 814250 859893 906317 955190 
0 0 36128 219677 304901 344362 381186 424435 470434 518718 567946 612972 660824 710778 760293 814250 862760 912564 958620 1.0079e+06 
0 0 0 48329 272423 361525 402930 448056 500010 547221 601836 647757 697328 753088 805611 859893 912564 960814 1.01083e+06 1.06757e+06 
0 0 0 0 58549 320580 423026 472863 524398 576300 630012 680771 737111 794912 846525 906317 958620 1.01083e+06 1.06563e+06 1.12469e+06 
0 0 0 0 0 69370 375813 497851 553103 608543 666967 720043 774093 838022 895697 955190 1.0079e+06 1.06757e+06 1.12469e+06 1.19009e+06 


0 0 0 0 0 0 0 0 0 0 0 0 0 65419 267270 73461 0 0 0 0 
0 0 0 0 0 0 0 0 0 0 0 0 30010 177195 231398 200840 37904 0 0 0 
0 0 0 0 0 0 0 0 0 0 0 28157 145267 181377 193436 207241 187272 40841 0 0 
0 0 0 0 0 0 0 0 0 0 32746 166816 209681 223682 240732 257768 274377 246430 54901 0 
0 0 0 0 0 0 0 0 0 34421 180513 231609 249513 268196 286320 307009 324848 343219 306801 66494 
0 0 0 0 0 0 0 0 35186 186780 240665 260300 281587 301236 321306 344318 368314 387826 408788 360014 
0 0 0 0 0 0 0 33729 187719 246402 267230 289253 310526 335681 356308 381926 405164 431348 450010 476325 
0 0 0 0 0 0 33729 188072 245800 272557 298614 321844 348192 375263 403416 428813 454439 478309 504469 532728 
0 0 0 0 0 35186 187719 245800 274930 303493 330191 357004 386315 417418 447074 478734 502595 531711 559885 592392 
0 0 0 0 34421 186780 246402 272557 303493 334396 363324 393824 425839 457879 489604 523798 554905 585420 616837 652275 
0 0 0 32746 180513 240665 267230 298614 330191 363324 398396 431123 464464 500890 532896 572386 603220 642973 673524 713704 
0 0 28157 166816 231609 260300 289253 321844 357004 393824 431123 464638 501053 538937 575232 615891 653762 690953 728650 769632 
0 30010 145267 209681 249513 281587 310526 348192 386315 425839 464464 501053 542208 584745 619468 664899 703768 747575 786787 828595 
65419 177195 181377 223682 268196 301236 335681 375263 417418 457879 500890 538937 584745 630718 669512 717737 760293 805611 846525 895697 
267270 231398 193436 240732 286320 321306 356308 403416 447074 489604 532896 575232 619468 669512 717738 762794 809850 859326 901434 955288 
73461 200840 207241 257768 307009 344318 381926 428813 478734 523798 572386 615891 664899 717737 762794 816988 866700 918524 969340 1.0227e+06 
0 37904 187272 274377 324848 368314 405164 454439 502595 554905 603220 653762 703768 760293 809850 866700 919426 973408 1.02248e+06 1.08209e+06 
0 0 40841 246430 343219 387826 431348 478309 531711 585420 642973 690953 747575 805611 859326 918524 973408 1.02794e+06 1.08194e+06 1.14174e+06 
0 0 0 54901 306801 408788 450010 504469 559885 616837 673524 728650 786787 846525 901434 969340 1.02248e+06 1.08194e+06 1.13827e+06 1.20529e+06 
0 0 0 0 66494 360014 476325 532728 592392 652275 713704 769632 828595 895697 955288 1.0227e+06 1.08209e+06 1.14174e+06 1.20529e+06 1.26973e+06 


0 0 0 0 0 0 0 0 0 0 0 0 0 0 73461 302486 83748 0 0 0 
0 0 0 0 0 0 0 0 0 0 0 0 0 33984 200840 263296 227943 43049 0 0 
0 0 0 0 0 0 0 0 0 0 0 0 32298 164417 207241 222478 235972 210230 45496 0 
0 0 0 0 0 0 0 0 0 0 0 38116 190747 241524 257768 277384 292919 310217 276488 61984 
0 0 0 0 0 0 0 0 0 0 40557 210195 267515 286151 307009 325802 343765 363643 388436 345362 
0 0 0 0 0 0 0 0 0 41161 218384 278814 302619 324528 344318 368714 389507 412408 436641 461208 
0 0 0 0 0 0 0 0 41483 223159 288562 310219 334142 359977 381926 409192 430820 457803 482330 508996 
0 0 0 0 0 0 0 40470 223424 292906 318227 345279 372488 402420 428813 461820 485189 514567 538299 570525 
0 0 0 0 0 0 41483 223424 292926 325372 354016 384019 413294 446859 478734 513468 538558 571026 600238 632433 
0 0 0 0 0 41161 223159 292906 325372 360100 389680 422100 454908 488745 523798 563138 595418 628598 662107 697714 
0 0 0 0 40557 218384 288562 318227 354016 389680 429540 462402 498302 536424 572386 612026 647596 687339 721867 764271 
0 0 0 38116 210195 278814 310219 345279 384019 422100 462402 498664 535048 579069 615891 661772 699326 740648 780636 823951 
0 0 32298 190747 267515 302619 334142 372488 413294 454908 498302 535048 578744 624291 664899 711614 755063 798670 841241 885704 
0 33984 164417 241524 286151 324528 359977 402420 446859 488745 536424 579069 624291 671260 717737 766706 814250 859893 906317 955190 
73461 200840 207241 257768 307009 344318 381926 428813 478734 523798 572386 615891 664899 717737 762794 816988 866700 918524 969340 1.0227e+06 
302486 263296 222478 277384 325802 368714 409192 461820 513468 563138 612026 661772 711614 766706 816988 878556 926022 983418 1.03395e+06 1.09561e+06 
83748 227943 235972 292919 343765 389507 430820 485189 538558 595418 647596 699326 755063 814250 866700 926022 985058 1.04146e+06 1.09668e+06 1.15698e+06 
0 43049 210230 310217 363643 412408 457803 514567 571026 628598 687339 740648 798670 859893 918524 983418 1.04146e+06 1.09984e+06 1.15882e+06 1.22505e+06 
0 0 45496 276488 388436 436641 482330 538299 600238 662107 721867 780636 841241 906317 969340 1.03395e+06 1.09668e+06 1.15882e+06 1.21974e+06 1.29032e+06 
0 0 0 61984 345362 461208 508996 570525 632433 697714 764271 823951 885704 955190 1.0227e+06 1.09561e+06 1.15698e+06 1.22505e+06 1.29032e+06 1.36199e+06 


0 0 0 0 0 0 0 0 0 0 0 0 0 0 0 83748 343754 93695 0 0 
0 0 0 0 0 0 0 0 0 0 0 0 0 0 37904 227943 299408 255336 48098 0 
0 0 0 0 0 0 0 0 0 0 0 0 0 36128 187272 235972 250392 264795 233647 51614 
0 0 0 0 0 0 0 0 0 0 0 0 43246 219677 274377 292919 306646 326077 344513 308648 
0 0 0 0 0 0 0 0 0 0 0 46514 240199 304901 324848 343765 365722 383549 408574 434460 
0 0 0 0 0 0 0 0 0 0 47369 248891 318111 344362 368314 389507 410624 436812 460443 486327 
0 0 0 0 0 0 0 0 0 48647 253846 326184 351317 381186 405164 430820 455834 484595 511406 536017 
0 0 0 0 0 0 0 0 48101 259001 336395 363731 392308 424435 454439 485189 511806 542092 570299 602538 
0 0 0 0 0 0 0 48101 260808 343901 374742 406776 436011 470434 502595 538558 569886 599962 635506 667942 
0 0 0 0 0 0 48647 259001 343901 379000 411249 446235 481004 518718 554905 595418 626796 661270 696742 736935 
0 0 0 0 0 47369 253846 336395 374742 411249 449732 485283 524782 567946 603220 647596 682864 724193 760435 804826 
0 0 0 0 46514 248891 326184 363731 406776 446235 485283 525658 565853 612972 653762 699326 735240 778577 822356 869161 
0 0 0 43246 240199 318111 351317 392308 436011 481004 524782 565853 611330 660824 703768 755063 796854 841387 885172 934347 
0 0 36128 219677 304901 344362 381186 424435 470434 518718 567946 612972 660824 710778 760293 814250 862760 912564 958620 1.0079e+06 
0 37904 187272 274377 324848 368314 405164 454439 502595 554905 603220 653762 703768 760293 809850 866700 919426 973408 1.02248e+06 1.08209e+06 
83748 227943 235972 292919 343765 389507 430820 485189 538558 595418 647596 699326 755063 814250 866700 926022 985058 1.04146e+06 1.09668e+06 1.15698e+06 
343754 299408 250392 306646 365722 410624 455834 511806 569886 626796 682864 735240 796854 862760 919426 985058 1.04354e+06 1.10094e+06 1.1608e+06 1.2229e+06 
93695 255336 264795 326077 383549 436812 484595 542092 599962 661270 724193 778577 841387 912564 973408 1.04146e+06 1.10094e+06 1.16096e+06 1.22659e+06 1.29503e+06 
0 48098 233647 344513 408574 460443 511406 570299 635506 696742 760435 822356 885172 958620 1.02248e+06 1.09668e+06 1.1608e+06 1.22659e+06 1.2949e+06 1.36712e+06 
0 0 51614 308648 434460 486327 536017 602538 667942 736935 804826 869161 934347 1.0079e+06 1.08209e+06 1.15698e+06 1.2229e+06 1.29503e+06 1.36712e+06 1.43848e+06 


0 0 0 0 0 0 0 0 0 0 0 0 0 0 0 0 93695 385524 104469 0 
0 0 0 0 0 0 0 0 0 0 0 0 0 0 0 43049 255336 332988 281521 52852 
0 0 0 0 0 0 0 0 0 0 0 0 0 0 40841 210230 264795 281542 292908 260334 
0 0 0 0 0 0 0 0 0 0 0 0 0 48329 246430 310217 326077 344502 362717 383723 
0 0 0 0 0 0 0 0 0 0 0 0 52407 272423 343219 363643 383549 410330 430843 455271 
0 0 0 0 0 0 0 0 0 0 0 54337 282219 361525 387826 412408 436812 464772 487906 514027 
0 0 0 0 0 0 0 0 0 0 55224 290515 370896 402930 431348 457803 484595 511442 543774 569124 
0 0 0 0 0 0 0 0 0 55636 297240 384612 415059 448056 478309 514567 542092 569608 604202 638017 
0 0 0 0 0 0 0 0 56606 303506 395172 428926 463100 500010 531711 571026 599962 632760 668839 709856 
0 0 0 0 0 0 0 55636 303506 399540 435400 471792 509742 547221 585420 628598 661270 698796 737864 779167 
0 0 0 0 0 0 55224 297240 395172 435400 473874 514696 555796 601836 642973 687339 724193 763720 805800 849804 
0 0 0 0 0 54337 290515 384612 428926 471792 514696 556152 600791 647757 690953 740648 778577 826304 870353 917068 
0 0 0 0 52407 282219 370896 415059 463100 509742 555796 600791 644888 697328 747575 798670 841387 890960 938264 991712 
0 0 0 48329 272423 361525 402930 448056 500010 547221 601836 647757 697328 753088 805611 859893 912564 960814 1.01083e+06 1.06757e+06 
0 0 40841 246430 343219 387826 431348 478309 531711 585420 642973 690953 747575 805611 859326 918524 973408 1.02794e+06 1.08194e+06 1.14174e+06 
0 43049 210230 310217 363643 412408 457803 514567 571026 628598 687339 740648 798670 859893 918524 983418 1.04146e+06 1.09984e+06 1.15882e+06 1.22505e+06 
93695 255336 264795 326077 383549 436812 484595 542092 599962 661270 724193 778577 841387 912564 973408 1.04146e+06 1.10094e+06 1.16096e+06 1.22659e+06 1.29503e+06 
385524 332988 281542 344502 410330 464772 511442 569608 632760 698796 763720 826304 890960 960814 1.02794e+06 1.09984e+06 1.16096e+06 1.2383e+06 1.3011e+06 1.3707e+06 
104469 281521 292908 362717 430843 487906 543774 604202 668839 737864 805800 870353 938264 1.01083e+06 1.08194e+06 1.15882e+06 1.22659e+06 1.3011e+06 1.36664e+06 1.4472e+06 
0 52852 260334 383723 455271 514027 569124 638017 709856 779167 849804 917068 991712 1.06757e+06 1.14174e+06 1.22505e+06 1.29503e+06 1.3707e+06 1.4472e+06 1.52499e+06 


0 0 0 0 0 0 0 0 0 0 0 0 0 0 0 0 0 104469 420988 116229 
0 0 0 0 0 0 0 0 0 0 0 0 0 0 0 0 48098 281521 363692 311696 
0 0 0 0 0 0 0 0 0 0 0 0 0 0 0 45496 233647 292908 309692 328563 
0 0 0 0 0 0 0 0 0 0 0 0 0 0 54901 276488 344513 362717 382254 402725 
0 0 0 0 0 0 0 0 0 0 0 0 0 58549 306801 388436 408574 430843 453412 478522 
0 0 0 0 0 0 0 0 0 0 0 0 61269 320580 408788 436641 460443 487906 509226 539243 
0 0 0 0 0 0 0 0 0 0 0 63006 329411 423026 450010 482330 511406 543774 571808 599952 
0 0 0 0 0 0 0 0 0 0 64270 339176 437650 472863 504469 538299 570299 604202 635136 674363 
0 0 0 0 0 0 0 0 0 66333 350631 450968 487359 524398 559885 600238 635506 668839 706636 747770 
0 0 0 0 0 0 0 0 66333 352520 459987 496014 534573 576300 616837 662107 696742 737864 777880 821853 
0 0 0 0 0 0 0 64270 350631 459987 501864 541066 584604 630012 673524 721867 760435 805800 851996 897805 
0 0 0 0 0 0 63006 339176 450968 496014 541066 582324 631719 680771 728650 780636 822356 870353 917784 969156 
0 0 0 0 0 61269 329411 437650 487359 534573 584604 631719 685902 737111 786787 841241 885172 938264 988450 1.04222e+06 
0 0 0 0 58549 320580 423026 472863 524398 576300 630012 680771 737111 794912 846525 906317 958620 1.01083e+06 1.06563e+06 1.12469e+06 
0 0 0 54901 306801 408788 450010 504469 559885 616837 673524 728650 786787 846525 901434 969340 1.02248e+06 1.08194e+06 1.13827e+06 1.20529e+06 
0 0 45496 276488 388436 436641 482330 538299 600238 662107 721867 780636 841241 906317 969340 1.03395e+06 1.09668e+06 1.15882e+06 1.21974e+06 1.29032e+06 
0 48098 233647 344513 408574 460443 511406 570299 635506 696742 760435 822356 885172 958620 1.02248e+06 1.09668e+06 1.1608e+06 1.22659e+06 1.2949e+06 1.36712e+06 
104469 281521 292908 362717 430843 487906 543774 604202 668839 737864 805800 870353 938264 1.01083e+06 1.08194e+06 1.15882e+06 1.22659e+06 1.3011e+06 1.36664e+06 1.4472e+06 
420988 363692 309692 382254 453412 509226 571808 635136 706636 777880 851996 917784 988450 1.06563e+06 1.13827e+06 1.21974e+06 1.2949e+06 1.36664e+06 1.43931e+06 1.52269e+06 
116229 311696 328563 402725 478522 539243 599952 674363 747770 821853 897805 969156 1.04222e+06 1.12469e+06 1.20529e+06 1.29032e+06 1.36712e+06 1.4472e+06 1.52269e+06 1.60826e+06 


0 0 0 0 0 0 0 0 0 0 0 0 0 0 0 0 0 0 116229 474556 
0 0 0 0 0 0 0 0 0 0 0 0 0 0 0 0 0 52852 311696 411672 
0 0 0 0 0 0 0 0 0 0 0 0 0 0 0 0 51614 260334 328563 346530 
0 0 0 0 0 0 0 0 0 0 0 0 0 0 0 61984 308648 383723 402725 430656 
0 0 0 0 0 0 0 0 0 0 0 0 0 0 66494 345362 434460 455271 478522 506242 
0 0 0 0 0 0 0 0 0 0 0 0 0 69370 360014 461208 486327 514027 539243 571552 
0 0 0 0 0 0 0 0 0 0 0 0 71313 375813 476325 508996 536017 569124 599952 633182 
0 0 0 0 0 0 0 0 0 0 0 72532 383801 497851 532728 570525 602538 638017 674363 712378 
0 0 0 0 0 0 0 0 0 0 74935 400194 511415 553103 592392 632433 667942 709856 747770 790654 
0 0 0 0 0 0 0 0 0 76030 403102 524249 566594 608543 652275 697714 736935 779167 821853 870160 
0 0 0 0 0 0 0 0 74935 403102 533472 572970 621190 666967 713704 764271 804826 849804 897805 949894 
0 0 0 0 0 0 0 72532 400194 524249 572970 618560 668060 720043 769632 823951 869161 917068 969156 1.0256e+06 
0 0 0 0 0 0 71313 383801 511415 566594 621190 668060 720048 774093 828595 885704 934347 991712 1.04222e+06 1.10284e+06 
0 0 0 0 0 69370 375813 497851 553103 608543 666967 720043 774093 838022 895697 955190 1.0079e+06 1.06757e+06 1.12469e+06 1.19009e+06 
0 0 0 0 66494 360014 476325 532728 592392 652275 713704 769632 828595 895697 955288 1.0227e+06 1.08209e+06 1.14174e+06 1.20529e+06 1.26973e+06 
0 0 0 61984 345362 461208 508996 570525 632433 697714 764271 823951 885704 955190 1.0227e+06 1.09561e+06 1.15698e+06 1.22505e+06 1.29032e+06 1.36199e+06 
0 0 51614 308648 434460 486327 536017 602538 667942 736935 804826 869161 934347 1.0079e+06 1.08209e+06 1.15698e+06 1.2229e+06 1.29503e+06 1.36712e+06 1.43848e+06 
0 52852 260334 383723 455271 514027 569124 638017 709856 779167 849804 917068 991712 1.06757e+06 1.14174e+06 1.22505e+06 1.29503e+06 1.3707e+06 1.4472e+06 1.52499e+06 
116229 311696 328563 402725 478522 539243 599952 674363 747770 821853 897805 969156 1.04222e+06 1.12469e+06 1.20529e+06 1.29032e+06 1.36712e+06 1.4472e+06 1.52269e+06 1.60826e+06 
474556 411672 346530 430656 506242 571552 633182 712378 790654 870160 949894 1.0256e+06 1.10284e+06 1.19009e+06 1.26973e+06 1.36199e+06 1.43848e+06 1.52499e+06 1.60826e+06 1.71297e+06 


