7.8312 7.81296 0 0 0 0 0 0 0 0 0 0 0 0 0 0 0 0 0 0 0 0 0 0 0 0 0 0 0 0 0 0 0 0 0 0 0 0 0 0 
7.81296 51.0849 20.6171 0 0 0 0 0 0 0 0 0 0 0 0 0 0 0 0 0 0 0 0 0 0 0 0 0 0 0 0 0 0 0 0 0 0 0 0 0 
0 20.6171 93.1538 34.8747 0 0 0 0 0 0 0 0 0 0 0 0 0 0 0 0 0 0 0 0 0 0 0 0 0 0 0 0 0 0 0 0 0 0 0 0 
0 0 34.8747 155.163 56.9354 0 0 0 0 0 0 0 0 0 0 0 0 0 0 0 0 0 0 0 0 0 0 0 0 0 0 0 0 0 0 0 0 0 0 0 
0 0 0 56.9354 245.148 86.3949 0 0 0 0 0 0 0 0 0 0 0 0 0 0 0 0 0 0 0 0 0 0 0 0 0 0 0 0 0 0 0 0 0 0 
0 0 0 0 86.3949 360.36 123.137 0 0 0 0 0 0 0 0 0 0 0 0 0 0 0 0 0 0 0 0 0 0 0 0 0 0 0 0 0 0 0 0 0 
0 0 0 0 0 123.137 500.109 166.949 0 0 0 0 0 0 0 0 0 0 0 0 0 0 0 0 0 0 0 0 0 0 0 0 0 0 0 0 0 0 0 0 
0 0 0 0 0 0 166.949 662.536 217.618 0 0 0 0 0 0 0 0 0 0 0 0 0 0 0 0 0 0 0 0 0 0 0 0 0 0 0 0 0 0 0 
0 0 0 0 0 0 0 217.618 846.724 273.306 0 0 0 0 0 0 0 0 0 0 0 0 0 0 0 0 0 0 0 0 0 0 0 0 0 0 0 0 0 0 
0 0 0 0 0 0 0 0 273.306 1053.16 336.419 0 0 0 0 0 0 0 0 0 0 0 0 0 0 0 0 0 0 0 0 0 0 0 0 0 0 0 0 0 
0 0 0 0 0 0 0 0 0 336.419 1280.96 405.588 0 0 0 0 0 0 0 0 0 0 0 0 0 0 0 0 0 0 0 0 0 0 0 0 0 0 0 0 
0 0 0 0 0 0 0 0 0 0 405.588 1529.17 480.523 0 0 0 0 0 0 0 0 0 0 0 0 0 0 0 0 0 0 0 0 0 0 0 0 0 0 0 
0 0 0 0 0 0 0 0 0 0 0 480.523 1800.62 562.235 0 0 0 0 0 0 0 0 0 0 0 0 0 0 0 0 0 0 0 0 0 0 0 0 0 0 
0 0 0 0 0 0 0 0 0 0 0 0 562.235 2096.26 651.449 0 0 0 0 0 0 0 0 0 0 0 0 0 0 0 0 0 0 0 0 0 0 0 0 0 
0 0 0 0 0 0 0 0 0 0 0 0 0 651.449 2416.9 746.293 0 0 0 0 0 0 0 0 0 0 0 0 0 0 0 0 0 0 0 0 0 0 0 0 
0 0 0 0 0 0 0 0 0 0 0 0 0 0 746.293 2752.51 847.229 0 0 0 0 0 0 0 0 0 0 0 0 0 0 0 0 0 0 0 0 0 0 0 
0 0 0 0 0 0 0 0 0 0 0 0 0 0 0 847.229 3118.07 957.195 0 0 0 0 0 0 0 0 0 0 0 0 0 0 0 0 0 0 0 0 0 0 
0 0 0 0 0 0 0 0 0 0 0 0 0 0 0 0 957.195 3507.57 1071.48 0 0 0 0 0 0 0 0 0 0 0 0 0 0 0 0 0 0 0 0 0 
0 0 0 0 0 0 0 0 0 0 0 0 0 0 0 0 0 1071.48 3913.71 1193.64 0 0 0 0 0 0 0 0 0 0 0 0 0 0 0 0 0 0 0 0 
0 0 0 0 0 0 0 0 0 0 0 0 0 0 0 0 0 0 1193.64 4347.8 1321.22 0 0 0 0 0 0 0 0 0 0 0 0 0 0 0 0 0 0 0 
0 0 0 0 0 0 0 0 0 0 0 0 0 0 0 0 0 0 0 1321.22 4801.81 1457.08 0 0 0 0 0 0 0 0 0 0 0 0 0 0 0 0 0 0 
0 0 0 0 0 0 0 0 0 0 0 0 0 0 0 0 0 0 0 0 1457.08 5279.15 1596.55 0 0 0 0 0 0 0 0 0 0 0 0 0 0 0 0 0 
0 0 0 0 0 0 0 0 0 0 0 0 0 0 0 0 0 0 0 0 0 1596.55 5776.08 1744.77 0 0 0 0 0 0 0 0 0 0 0 0 0 0 0 0 
0 0 0 0 0 0 0 0 0 0 0 0 0 0 0 0 0 0 0 0 0 0 1744.77 6298.64 1898.42 0 0 0 0 0 0 0 0 0 0 0 0 0 0 0 
0 0 0 0 0 0 0 0 0 0 0 0 0 0 0 0 0 0 0 0 0 0 0 1898.42 6844.52 2059.12 0 0 0 0 0 0 0 0 0 0 0 0 0 0 
0 0 0 0 0 0 0 0 0 0 0 0 0 0 0 0 0 0 0 0 0 0 0 0 2059.12 7412.83 2227.71 0 0 0 0 0 0 0 0 0 0 0 0 0 
0 0 0 0 0 0 0 0 0 0 0 0 0 0 0 0 0 0 0 0 0 0 0 0 0 2227.71 8005.11 2401.14 0 0 0 0 0 0 0 0 0 0 0 0 
0 0 0 0 0 0 0 0 0 0 0 0 0 0 0 0 0 0 0 0 0 0 0 0 0 0 2401.14 8618.2 2581.33 0 0 0 0 0 0 0 0 0 0 0 
0 0 0 0 0 0 0 0 0 0 0 0 0 0 0 0 0 0 0 0 0 0 0 0 0 0 0 2581.33 9252.92 2769.84 0 0 0 0 0 0 0 0 0 0 
0 0 0 0 0 0 0 0 0 0 0 0 0 0 0 0 0 0 0 0 0 0 0 0 0 0 0 0 2769.84 9911.83 2962.99 0 0 0 0 0 0 0 0 0 
0 0 0 0 0 0 0 0 0 0 0 0 0 0 0 0 0 0 0 0 0 0 0 0 0 0 0 0 0 2962.99 10598.4 3164.27 0 0 0 0 0 0 0 0 
0 0 0 0 0 0 0 0 0 0 0 0 0 0 0 0 0 0 0 0 0 0 0 0 0 0 0 0 0 0 3164.27 11303.2 3369.85 0 0 0 0 0 0 0 
0 0 0 0 0 0 0 0 0 0 0 0 0 0 0 0 0 0 0 0 0 0 0 0 0 0 0 0 0 0 0 3369.85 12024.4 3583.47 0 0 0 0 0 0 
0 0 0 0 0 0 0 0 0 0 0 0 0 0 0 0 0 0 0 0 0 0 0 0 0 0 0 0 0 0 0 0 3583.47 12778.3 3802.84 0 0 0 0 0 
0 0 0 0 0 0 0 0 0 0 0 0 0 0 0 0 0 0 0 0 0 0 0 0 0 0 0 0 0 0 0 0 0 3802.84 13543.6 4029.58 0 0 0 0 
0 0 0 0 0 0 0 0 0 0 0 0 0 0 0 0 0 0 0 0 0 0 0 0 0 0 0 0 0 0 0 0 0 0 4029.58 14348.1 4263.8 0 0 0 
0 0 0 0 0 0 0 0 0 0 0 0 0 0 0 0 0 0 0 0 0 0 0 0 0 0 0 0 0 0 0 0 0 0 0 4263.8 15160.9 4502.45 0 0 
0 0 0 0 0 0 0 0 0 0 0 0 0 0 0 0 0 0 0 0 0 0 0 0 0 0 0 0 0 0 0 0 0 0 0 0 4502.45 15999.8 4748.51 0 
0 0 0 0 0 0 0 0 0 0 0 0 0 0 0 0 0 0 0 0 0 0 0 0 0 0 0 0 0 0 0 0 0 0 0 0 0 4748.51 16868.5 5003.21 
0 0 0 0 0 0 0 0 0 0 0 0 0 0 0 0 0 0 0 0 0 0 0 0 0 0 0 0 0 0 0 0 0 0 0 0 0 0 5003.21 17758 


7.81296 51.0849 20.6171 0 0 0 0 0 0 0 0 0 0 0 0 0 0 0 0 0 0 0 0 0 0 0 0 0 0 0 0 0 0 0 0 0 0 0 0 0 
51.0849 149.524 165.53 42.0373 0 0 0 0 0 0 0 0 0 0 0 0 0 0 0 0 0 0 0 0 0 0 0 0 0 0 0 0 0 0 0 0 0 0 0 0 
20.6171 165.53 240.926 250.51 60.499 0 0 0 0 0 0 0 0 0 0 0 0 0 0 0 0 0 0 0 0 0 0 0 0 0 0 0 0 0 0 0 0 0 0 0 
0 42.0373 250.51 372.865 384.228 89.3782 0 0 0 0 0 0 0 0 0 0 0 0 0 0 0 0 0 0 0 0 0 0 0 0 0 0 0 0 0 0 0 0 0 0 
0 0 60.499 384.228 575.878 574.182 128.784 0 0 0 0 0 0 0 0 0 0 0 0 0 0 0 0 0 0 0 0 0 0 0 0 0 0 0 0 0 0 0 0 0 
0 0 0 89.3782 574.182 837.877 813.615 177.553 0 0 0 0 0 0 0 0 0 0 0 0 0 0 0 0 0 0 0 0 0 0 0 0 0 0 0 0 0 0 0 0 
0 0 0 0 128.784 813.615 1159.04 1099.51 236.216 0 0 0 0 0 0 0 0 0 0 0 0 0 0 0 0 0 0 0 0 0 0 0 0 0 0 0 0 0 0 0 
0 0 0 0 0 177.553 1099.51 1532.07 1427.06 301.218 0 0 0 0 0 0 0 0 0 0 0 0 0 0 0 0 0 0 0 0 0 0 0 0 0 0 0 0 0 0 
0 0 0 0 0 0 236.216 1427.06 1952.52 1792.06 372.333 0 0 0 0 0 0 0 0 0 0 0 0 0 0 0 0 0 0 0 0 0 0 0 0 0 0 0 0 0 
0 0 0 0 0 0 0 301.218 1792.06 2422.21 2198.69 452.85 0 0 0 0 0 0 0 0 0 0 0 0 0 0 0 0 0 0 0 0 0 0 0 0 0 0 0 0 
0 0 0 0 0 0 0 0 372.333 2198.69 2938.63 2641.61 539.735 0 0 0 0 0 0 0 0 0 0 0 0 0 0 0 0 0 0 0 0 0 0 0 0 0 0 0 
0 0 0 0 0 0 0 0 0 452.85 2641.61 3498.38 3123.53 632.855 0 0 0 0 0 0 0 0 0 0 0 0 0 0 0 0 0 0 0 0 0 0 0 0 0 0 
0 0 0 0 0 0 0 0 0 0 539.735 3123.53 4112.04 3650.3 735.994 0 0 0 0 0 0 0 0 0 0 0 0 0 0 0 0 0 0 0 0 0 0 0 0 0 
0 0 0 0 0 0 0 0 0 0 0 632.855 3650.3 4781.13 4225.84 844.761 0 0 0 0 0 0 0 0 0 0 0 0 0 0 0 0 0 0 0 0 0 0 0 0 
0 0 0 0 0 0 0 0 0 0 0 0 735.994 4225.84 5511.69 4835.94 964.636 0 0 0 0 0 0 0 0 0 0 0 0 0 0 0 0 0 0 0 0 0 0 0 
0 0 0 0 0 0 0 0 0 0 0 0 0 844.761 4835.94 6263.5 5485.37 1090.58 0 0 0 0 0 0 0 0 0 0 0 0 0 0 0 0 0 0 0 0 0 0 
0 0 0 0 0 0 0 0 0 0 0 0 0 0 964.636 5485.37 7094.75 6193.12 1224.77 0 0 0 0 0 0 0 0 0 0 0 0 0 0 0 0 0 0 0 0 0 
0 0 0 0 0 0 0 0 0 0 0 0 0 0 0 1090.58 6193.12 7981.98 6933.33 1368.86 0 0 0 0 0 0 0 0 0 0 0 0 0 0 0 0 0 0 0 0 
0 0 0 0 0 0 0 0 0 0 0 0 0 0 0 0 1224.77 6933.33 8897.7 7716.31 1517.94 0 0 0 0 0 0 0 0 0 0 0 0 0 0 0 0 0 0 0 
0 0 0 0 0 0 0 0 0 0 0 0 0 0 0 0 0 1368.86 7716.31 9883.7 8543.13 1676.43 0 0 0 0 0 0 0 0 0 0 0 0 0 0 0 0 0 0 
0 0 0 0 0 0 0 0 0 0 0 0 0 0 0 0 0 0 1517.94 8543.13 10911.6 9410.35 1842.58 0 0 0 0 0 0 0 0 0 0 0 0 0 0 0 0 0 
0 0 0 0 0 0 0 0 0 0 0 0 0 0 0 0 0 0 0 1676.43 9410.35 11986.3 10312.5 2014.13 0 0 0 0 0 0 0 0 0 0 0 0 0 0 0 0 
0 0 0 0 0 0 0 0 0 0 0 0 0 0 0 0 0 0 0 0 1842.58 10312.5 13111.5 11261.9 2196.36 0 0 0 0 0 0 0 0 0 0 0 0 0 0 0 
0 0 0 0 0 0 0 0 0 0 0 0 0 0 0 0 0 0 0 0 0 2014.13 11261.9 14293.8 12255.2 2384.03 0 0 0 0 0 0 0 0 0 0 0 0 0 0 
0 0 0 0 0 0 0 0 0 0 0 0 0 0 0 0 0 0 0 0 0 0 2196.36 12255.2 15529 13292.3 2582.76 0 0 0 0 0 0 0 0 0 0 0 0 0 
0 0 0 0 0 0 0 0 0 0 0 0 0 0 0 0 0 0 0 0 0 0 0 2384.03 13292.3 16817 14375.3 2789.31 0 0 0 0 0 0 0 0 0 0 0 0 
0 0 0 0 0 0 0 0 0 0 0 0 0 0 0 0 0 0 0 0 0 0 0 0 2582.76 14375.3 18158.6 15496.7 2999 0 0 0 0 0 0 0 0 0 0 0 
0 0 0 0 0 0 0 0 0 0 0 0 0 0 0 0 0 0 0 0 0 0 0 0 0 2789.31 15496.7 19548.5 16656.9 3223.23 0 0 0 0 0 0 0 0 0 0 
0 0 0 0 0 0 0 0 0 0 0 0 0 0 0 0 0 0 0 0 0 0 0 0 0 0 2999 16656.9 20983.8 17863.1 3454.1 0 0 0 0 0 0 0 0 0 
0 0 0 0 0 0 0 0 0 0 0 0 0 0 0 0 0 0 0 0 0 0 0 0 0 0 0 3223.23 17863.1 22475.5 19115.7 3689.55 0 0 0 0 0 0 0 0 
0 0 0 0 0 0 0 0 0 0 0 0 0 0 0 0 0 0 0 0 0 0 0 0 0 0 0 0 3454.1 19115.7 24034.2 20414.8 3933.51 0 0 0 0 0 0 0 
0 0 0 0 0 0 0 0 0 0 0 0 0 0 0 0 0 0 0 0 0 0 0 0 0 0 0 0 0 3689.55 20414.8 25630.3 21738.1 4187.11 0 0 0 0 0 0 
0 0 0 0 0 0 0 0 0 0 0 0 0 0 0 0 0 0 0 0 0 0 0 0 0 0 0 0 0 0 3933.51 21738.1 27256.2 23110.6 4443.87 0 0 0 0 0 
0 0 0 0 0 0 0 0 0 0 0 0 0 0 0 0 0 0 0 0 0 0 0 0 0 0 0 0 0 0 0 4187.11 23110.6 28968.5 24522.8 4716.7 0 0 0 0 
0 0 0 0 0 0 0 0 0 0 0 0 0 0 0 0 0 0 0 0 0 0 0 0 0 0 0 0 0 0 0 0 4443.87 24522.8 30690.5 25984.5 4989.01 0 0 0 
0 0 0 0 0 0 0 0 0 0 0 0 0 0 0 0 0 0 0 0 0 0 0 0 0 0 0 0 0 0 0 0 0 4716.7 25984.5 32525.5 27493.9 5277.07 0 0 
0 0 0 0 0 0 0 0 0 0 0 0 0 0 0 0 0 0 0 0 0 0 0 0 0 0 0 0 0 0 0 0 0 0 4989.01 27493.9 34358.8 29026.8 5566.97 0 
0 0 0 0 0 0 0 0 0 0 0 0 0 0 0 0 0 0 0 0 0 0 0 0 0 0 0 0 0 0 0 0 0 0 0 5277.07 29026.8 36256.4 30616.9 5867.52 
0 0 0 0 0 0 0 0 0 0 0 0 0 0 0 0 0 0 0 0 0 0 0 0 0 0 0 0 0 0 0 0 0 0 0 0 5566.97 30616.9 38229.8 32260.3 
0 0 0 0 0 0 0 0 0 0 0 0 0 0 0 0 0 0 0 0 0 0 0 0 0 0 0 0 0 0 0 0 0 0 0 0 0 5867.52 32260.3 40250.4 


0 20.6171 93.1538 34.8747 0 0 0 0 0 0 0 0 0 0 0 0 0 0 0 0 0 0 0 0 0 0 0 0 0 0 0 0 0 0 0 0 0 0 0 0 
20.6171 165.53 240.926 250.51 60.499 0 0 0 0 0 0 0 0 0 0 0 0 0 0 0 0 0 0 0 0 0 0 0 0 0 0 0 0 0 0 0 0 0 0 0 
93.1538 240.926 256.196 299.537 302.699 70.2088 0 0 0 0 0 0 0 0 0 0 0 0 0 0 0 0 0 0 0 0 0 0 0 0 0 0 0 0 0 0 0 0 0 0 
34.8747 250.51 299.537 336.559 406.476 402.243 92.6218 0 0 0 0 0 0 0 0 0 0 0 0 0 0 0 0 0 0 0 0 0 0 0 0 0 0 0 0 0 0 0 0 0 
0 60.499 302.699 406.476 488.87 582.246 563.457 125.881 0 0 0 0 0 0 0 0 0 0 0 0 0 0 0 0 0 0 0 0 0 0 0 0 0 0 0 0 0 0 0 0 
0 0 70.2088 402.243 582.246 692.979 811.067 767.438 168.874 0 0 0 0 0 0 0 0 0 0 0 0 0 0 0 0 0 0 0 0 0 0 0 0 0 0 0 0 0 0 0 
0 0 0 92.6218 563.457 811.067 949.187 1087.25 1010.77 218.405 0 0 0 0 0 0 0 0 0 0 0 0 0 0 0 0 0 0 0 0 0 0 0 0 0 0 0 0 0 0 
0 0 0 0 125.881 767.438 1087.25 1245.32 1400.09 1283.14 274.565 0 0 0 0 0 0 0 0 0 0 0 0 0 0 0 0 0 0 0 0 0 0 0 0 0 0 0 0 0 
0 0 0 0 0 168.874 1010.77 1400.09 1573.98 1746.67 1580.14 332.175 0 0 0 0 0 0 0 0 0 0 0 0 0 0 0 0 0 0 0 0 0 0 0 0 0 0 0 0 
0 0 0 0 0 0 218.405 1283.14 1746.67 1938.2 2126.87 1906.14 399.127 0 0 0 0 0 0 0 0 0 0 0 0 0 0 0 0 0 0 0 0 0 0 0 0 0 0 0 
0 0 0 0 0 0 0 274.565 1580.14 2126.87 2333.79 2535.78 2259.52 469.539 0 0 0 0 0 0 0 0 0 0 0 0 0 0 0 0 0 0 0 0 0 0 0 0 0 0 
0 0 0 0 0 0 0 0 332.175 1906.14 2535.78 2755.07 2978.38 2640.95 546.07 0 0 0 0 0 0 0 0 0 0 0 0 0 0 0 0 0 0 0 0 0 0 0 0 0 
0 0 0 0 0 0 0 0 0 399.127 2259.52 2978.38 3219.71 3465.59 3062.32 625.409 0 0 0 0 0 0 0 0 0 0 0 0 0 0 0 0 0 0 0 0 0 0 0 0 
0 0 0 0 0 0 0 0 0 0 469.539 2640.95 3465.59 3730.21 4003.43 3502.76 715.122 0 0 0 0 0 0 0 0 0 0 0 0 0 0 0 0 0 0 0 0 0 0 0 
0 0 0 0 0 0 0 0 0 0 0 546.07 3062.32 4003.43 4296.65 4565.97 3998.07 815.686 0 0 0 0 0 0 0 0 0 0 0 0 0 0 0 0 0 0 0 0 0 0 
0 0 0 0 0 0 0 0 0 0 0 0 625.409 3502.76 4565.97 4852.01 5162.68 4507.24 910.489 0 0 0 0 0 0 0 0 0 0 0 0 0 0 0 0 0 0 0 0 0 
0 0 0 0 0 0 0 0 0 0 0 0 0 715.122 3998.07 5162.68 5493.24 5827.1 5055.01 1023.5 0 0 0 0 0 0 0 0 0 0 0 0 0 0 0 0 0 0 0 0 
0 0 0 0 0 0 0 0 0 0 0 0 0 0 815.686 4507.24 5827.1 6181.25 6516.68 5650.25 1136.78 0 0 0 0 0 0 0 0 0 0 0 0 0 0 0 0 0 0 0 
0 0 0 0 0 0 0 0 0 0 0 0 0 0 0 910.489 5055.01 6516.68 6870.26 7240.11 6254.44 1257.01 0 0 0 0 0 0 0 0 0 0 0 0 0 0 0 0 0 0 
0 0 0 0 0 0 0 0 0 0 0 0 0 0 0 0 1023.5 5650.25 7240.11 7629.88 8011.77 6902.9 1380.9 0 0 0 0 0 0 0 0 0 0 0 0 0 0 0 0 0 
0 0 0 0 0 0 0 0 0 0 0 0 0 0 0 0 0 1136.78 6254.44 8011.77 8412.76 8810.59 7573.67 1515.69 0 0 0 0 0 0 0 0 0 0 0 0 0 0 0 0 
0 0 0 0 0 0 0 0 0 0 0 0 0 0 0 0 0 0 1257.01 6902.9 8810.59 9227.21 9643.84 8278.72 1650.23 0 0 0 0 0 0 0 0 0 0 0 0 0 0 0 
0 0 0 0 0 0 0 0 0 0 0 0 0 0 0 0 0 0 0 1380.9 7573.67 9643.84 10079.3 10520.1 9016.67 1796.25 0 0 0 0 0 0 0 0 0 0 0 0 0 0 
0 0 0 0 0 0 0 0 0 0 0 0 0 0 0 0 0 0 0 0 1515.69 8278.72 10520.1 10980.2 11441.7 9788.3 1946.79 0 0 0 0 0 0 0 0 0 0 0 0 0 
0 0 0 0 0 0 0 0 0 0 0 0 0 0 0 0 0 0 0 0 0 1650.23 9016.67 11441.7 11922.6 12404.7 10600.5 2103.62 0 0 0 0 0 0 0 0 0 0 0 0 
0 0 0 0 0 0 0 0 0 0 0 0 0 0 0 0 0 0 0 0 0 0 1796.25 9788.3 12404.7 12906.4 13409.9 11440.2 2265.77 0 0 0 0 0 0 0 0 0 0 0 
0 0 0 0 0 0 0 0 0 0 0 0 0 0 0 0 0 0 0 0 0 0 0 1946.79 10600.5 13409.9 13933 14453.6 12306.5 2435.47 0 0 0 0 0 0 0 0 0 0 
0 0 0 0 0 0 0 0 0 0 0 0 0 0 0 0 0 0 0 0 0 0 0 0 2103.62 11440.2 14453.6 14993.7 15529.1 13212.6 2613.69 0 0 0 0 0 0 0 0 0 
0 0 0 0 0 0 0 0 0 0 0 0 0 0 0 0 0 0 0 0 0 0 0 0 0 2265.77 12306.5 15529.1 16083.6 16642.6 14156.5 2798.81 0 0 0 0 0 0 0 0 
0 0 0 0 0 0 0 0 0 0 0 0 0 0 0 0 0 0 0 0 0 0 0 0 0 0 2435.47 13212.6 16642.6 17221 17812.1 15122.5 2979.38 0 0 0 0 0 0 0 
0 0 0 0 0 0 0 0 0 0 0 0 0 0 0 0 0 0 0 0 0 0 0 0 0 0 0 2613.69 14156.5 17812.1 18423.5 19022.9 16120.6 3178.12 0 0 0 0 0 0 
0 0 0 0 0 0 0 0 0 0 0 0 0 0 0 0 0 0 0 0 0 0 0 0 0 0 0 0 2798.81 15122.5 19022.9 19641.7 20243.2 17162.3 3373.03 0 0 0 0 0 
0 0 0 0 0 0 0 0 0 0 0 0 0 0 0 0 0 0 0 0 0 0 0 0 0 0 0 0 0 2979.38 16120.6 20243.2 20863.2 21512.5 18194 3582.26 0 0 0 0 
0 0 0 0 0 0 0 0 0 0 0 0 0 0 0 0 0 0 0 0 0 0 0 0 0 0 0 0 0 0 3178.12 17162.3 21512.5 22182.1 22817.4 19323.2 3794.88 0 0 0 
0 0 0 0 0 0 0 0 0 0 0 0 0 0 0 0 0 0 0 0 0 0 0 0 0 0 0 0 0 0 0 3373.03 18194 22817.4 23470.8 24175.4 20420.1 4008.55 0 0 
0 0 0 0 0 0 0 0 0 0 0 0 0 0 0 0 0 0 0 0 0 0 0 0 0 0 0 0 0 0 0 0 3582.26 19323.2 24175.4 24901.2 25582.4 21602.8 4239.73 0 
0 0 0 0 0 0 0 0 0 0 0 0 0 0 0 0 0 0 0 0 0 0 0 0 0 0 0 0 0 0 0 0 0 3794.88 20420.1 25582.4 26282.3 26993.6 22791.5 4468.66 
0 0 0 0 0 0 0 0 0 0 0 0 0 0 0 0 0 0 0 0 0 0 0 0 0 0 0 0 0 0 0 0 0 0 4008.55 21602.8 26993.6 27724.1 28474.7 24020.1 
0 0 0 0 0 0 0 0 0 0 0 0 0 0 0 0 0 0 0 0 0 0 0 0 0 0 0 0 0 0 0 0 0 0 0 4239.73 22791.5 28474.7 29245.7 30012.5 
0 0 0 0 0 0 0 0 0 0 0 0 0 0 0 0 0 0 0 0 0 0 0 0 0 0 0 0 0 0 0 0 0 0 0 0 4468.66 24020.1 30012.5 30799.4 


0 0 34.8747 155.163 56.9354 0 0 0 0 0 0 0 0 0 0 0 0 0 0 0 0 0 0 0 0 0 0 0 0 0 0 0 0 0 0 0 0 0 0 0 
0 42.0373 250.51 372.865 384.228 89.3782 0 0 0 0 0 0 0 0 0 0 0 0 0 0 0 0 0 0 0 0 0 0 0 0 0 0 0 0 0 0 0 0 0 0 
34.8747 250.51 299.537 336.559 406.476 402.243 92.6218 0 0 0 0 0 0 0 0 0 0 0 0 0 0 0 0 0 0 0 0 0 0 0 0 0 0 0 0 0 0 0 0 0 
155.163 372.865 336.559 355.274 420.041 496.764 486.033 113.65 0 0 0 0 0 0 0 0 0 0 0 0 0 0 0 0 0 0 0 0 0 0 0 0 0 0 0 0 0 0 0 0 
56.9354 384.228 406.476 420.041 492.814 580.961 677.531 647.374 149.353 0 0 0 0 0 0 0 0 0 0 0 0 0 0 0 0 0 0 0 0 0 0 0 0 0 0 0 0 0 0 0 
0 89.3782 402.243 496.764 580.961 683.948 797.229 910.441 855.48 193.255 0 0 0 0 0 0 0 0 0 0 0 0 0 0 0 0 0 0 0 0 0 0 0 0 0 0 0 0 0 0 
0 0 92.6218 486.033 677.531 797.229 929.095 1060.88 1188.64 1102.52 247.55 0 0 0 0 0 0 0 0 0 0 0 0 0 0 0 0 0 0 0 0 0 0 0 0 0 0 0 0 0 
0 0 0 113.65 647.374 910.441 1060.88 1211.22 1356.92 1501.13 1376.25 306.596 0 0 0 0 0 0 0 0 0 0 0 0 0 0 0 0 0 0 0 0 0 0 0 0 0 0 0 0 
0 0 0 0 149.353 855.48 1188.64 1356.92 1519.95 1681.28 1839.03 1665.71 366.279 0 0 0 0 0 0 0 0 0 0 0 0 0 0 0 0 0 0 0 0 0 0 0 0 0 0 0 
0 0 0 0 0 193.255 1102.52 1501.13 1681.28 1859.54 2033.79 2201.8 1988.12 435.734 0 0 0 0 0 0 0 0 0 0 0 0 0 0 0 0 0 0 0 0 0 0 0 0 0 0 
0 0 0 0 0 0 247.55 1376.25 1839.03 2033.79 2224.13 2407.56 2596.13 2334.54 510.73 0 0 0 0 0 0 0 0 0 0 0 0 0 0 0 0 0 0 0 0 0 0 0 0 0 
0 0 0 0 0 0 0 306.596 1665.71 2201.8 2407.56 2605.75 2809.58 3019.29 2709.49 583.281 0 0 0 0 0 0 0 0 0 0 0 0 0 0 0 0 0 0 0 0 0 0 0 0 
0 0 0 0 0 0 0 0 366.279 1988.12 2596.13 2809.58 3029.16 3255.12 3492.23 3094.17 667.143 0 0 0 0 0 0 0 0 0 0 0 0 0 0 0 0 0 0 0 0 0 0 0 
0 0 0 0 0 0 0 0 0 435.734 2334.54 3019.29 3255.12 3497.86 3752.62 3976.23 3536.22 762.337 0 0 0 0 0 0 0 0 0 0 0 0 0 0 0 0 0 0 0 0 0 0 
0 0 0 0 0 0 0 0 0 0 510.73 2709.49 3492.23 3752.62 4025.94 4265.79 4537.91 4024.95 859.156 0 0 0 0 0 0 0 0 0 0 0 0 0 0 0 0 0 0 0 0 0 
0 0 0 0 0 0 0 0 0 0 0 583.281 3094.17 3976.23 4265.79 4519.58 4807.86 5100.48 4488.06 959.433 0 0 0 0 0 0 0 0 0 0 0 0 0 0 0 0 0 0 0 0 
0 0 0 0 0 0 0 0 0 0 0 0 667.143 3536.22 4537.91 4807.86 5114.52 5425.81 5712.37 5033.63 1071.37 0 0 0 0 0 0 0 0 0 0 0 0 0 0 0 0 0 0 0 
0 0 0 0 0 0 0 0 0 0 0 0 0 762.337 4024.95 5100.48 5425.81 5756.04 6060.05 6385.62 5599.16 1187.91 0 0 0 0 0 0 0 0 0 0 0 0 0 0 0 0 0 0 
0 0 0 0 0 0 0 0 0 0 0 0 0 0 859.156 4488.06 5712.37 6060.05 6380.01 6722.76 7055.06 6173.01 1306.6 0 0 0 0 0 0 0 0 0 0 0 0 0 0 0 0 0 
0 0 0 0 0 0 0 0 0 0 0 0 0 0 0 959.433 5033.63 6385.62 6722.76 7083.92 7434.07 7779.99 6787.62 1434.57 0 0 0 0 0 0 0 0 0 0 0 0 0 0 0 0 
0 0 0 0 0 0 0 0 0 0 0 0 0 0 0 0 1071.37 5599.16 7055.06 7434.07 7801.49 8164.48 8527.48 7435.67 1569.11 0 0 0 0 0 0 0 0 0 0 0 0 0 0 0 
0 0 0 0 0 0 0 0 0 0 0 0 0 0 0 0 0 1187.91 6173.01 7779.99 8164.48 8544.32 8924.17 9311.22 8105.19 1703.74 0 0 0 0 0 0 0 0 0 0 0 0 0 0 
0 0 0 0 0 0 0 0 0 0 0 0 0 0 0 0 0 0 1306.6 6787.62 8527.48 8924.17 9320.87 9725.11 10131.2 8805.8 1855.2 0 0 0 0 0 0 0 0 0 0 0 0 0 
0 0 0 0 0 0 0 0 0 0 0 0 0 0 0 0 0 0 0 1434.57 7435.67 9311.22 9725.11 10146.9 10570.6 10996.1 9545.89 2003.67 0 0 0 0 0 0 0 0 0 0 0 0 
0 0 0 0 0 0 0 0 0 0 0 0 0 0 0 0 0 0 0 0 1569.11 8105.19 10131.2 10570.6 11012 11455.3 11901 10313.1 2157.32 0 0 0 0 0 0 0 0 0 0 0 
0 0 0 0 0 0 0 0 0 0 0 0 0 0 0 0 0 0 0 0 0 1703.74 8805.8 10996.1 11455.3 11916.3 12379.9 12840.2 11105.4 2328.1 0 0 0 0 0 0 0 0 0 0 
0 0 0 0 0 0 0 0 0 0 0 0 0 0 0 0 0 0 0 0 0 0 1855.2 9545.89 11901 12379.9 12861.6 13339.7 13811.5 11937.7 2495.52 0 0 0 0 0 0 0 0 0 
0 0 0 0 0 0 0 0 0 0 0 0 0 0 0 0 0 0 0 0 0 0 0 2003.67 10313.1 12840.2 13339.7 13835.6 14324.9 14820.4 12809.3 2676.29 0 0 0 0 0 0 0 0 
0 0 0 0 0 0 0 0 0 0 0 0 0 0 0 0 0 0 0 0 0 0 0 0 2157.32 11105.4 13811.5 14324.9 14831.6 15344.5 15874.6 13696.8 2857.14 0 0 0 0 0 0 0 
0 0 0 0 0 0 0 0 0 0 0 0 0 0 0 0 0 0 0 0 0 0 0 0 0 2328.1 11937.7 14820.4 15344.5 15875.2 16423.6 16955.7 14589.4 3043.45 0 0 0 0 0 0 
0 0 0 0 0 0 0 0 0 0 0 0 0 0 0 0 0 0 0 0 0 0 0 0 0 0 2495.52 12809.3 15874.6 16423.6 16991 17541.5 18068.5 15569.1 3235.82 0 0 0 0 0 
0 0 0 0 0 0 0 0 0 0 0 0 0 0 0 0 0 0 0 0 0 0 0 0 0 0 0 2676.29 13696.8 16955.7 17541.5 18109.8 18653.9 19237.9 16521.9 3441.16 0 0 0 0 
0 0 0 0 0 0 0 0 0 0 0 0 0 0 0 0 0 0 0 0 0 0 0 0 0 0 0 0 2857.14 14589.4 18068.5 18653.9 19214.2 19815.9 20370.9 17538.5 3642.93 0 0 0 
0 0 0 0 0 0 0 0 0 0 0 0 0 0 0 0 0 0 0 0 0 0 0 0 0 0 0 0 0 3043.45 15569.1 19237.9 19815.9 20436.3 21008.7 21650.7 18574.9 3858.09 0 0 
0 0 0 0 0 0 0 0 0 0 0 0 0 0 0 0 0 0 0 0 0 0 0 0 0 0 0 0 0 0 3235.82 16521.9 20370.9 21008.7 21597.1 22257.1 22856.6 19608.9 4070.35 0 
0 0 0 0 0 0 0 0 0 0 0 0 0 0 0 0 0 0 0 0 0 0 0 0 0 0 0 0 0 0 0 3441.16 17538.5 21650.7 22257.1 22937.3 23555.1 24188.5 20757.2 4306.6 
0 0 0 0 0 0 0 0 0 0 0 0 0 0 0 0 0 0 0 0 0 0 0 0 0 0 0 0 0 0 0 0 3642.93 18574.9 22856.6 23555.1 24189.6 24840 25517.8 21874.6 
0 0 0 0 0 0 0 0 0 0 0 0 0 0 0 0 0 0 0 0 0 0 0 0 0 0 0 0 0 0 0 0 0 3858.09 19608.9 24188.5 24840 25507.9 26204 26894.3 
0 0 0 0 0 0 0 0 0 0 0 0 0 0 0 0 0 0 0 0 0 0 0 0 0 0 0 0 0 0 0 0 0 0 4070.35 20757.2 25517.8 26204 26919 27628.2 
0 0 0 0 0 0 0 0 0 0 0 0 0 0 0 0 0 0 0 0 0 0 0 0 0 0 0 0 0 0 0 0 0 0 0 4306.6 21874.6 26894.3 27628.2 28356.1 


0 0 0 56.9354 245.148 86.3949 0 0 0 0 0 0 0 0 0 0 0 0 0 0 0 0 0 0 0 0 0 0 0 0 0 0 0 0 0 0 0 0 0 0 
0 0 60.499 384.228 575.878 574.182 128.784 0 0 0 0 0 0 0 0 0 0 0 0 0 0 0 0 0 0 0 0 0 0 0 0 0 0 0 0 0 0 0 0 0 
0 60.499 302.699 406.476 488.87 582.246 563.457 125.881 0 0 0 0 0 0 0 0 0 0 0 0 0 0 0 0 0 0 0 0 0 0 0 0 0 0 0 0 0 0 0 0 
56.9354 384.228 406.476 420.041 492.814 580.961 677.531 647.374 149.353 0 0 0 0 0 0 0 0 0 0 0 0 0 0 0 0 0 0 0 0 0 0 0 0 0 0 0 0 0 0 0 
245.148 575.878 488.87 492.814 572.883 672.718 783.383 893.975 837.672 188.861 0 0 0 0 0 0 0 0 0 0 0 0 0 0 0 0 0 0 0 0 0 0 0 0 0 0 0 0 0 0 
86.3949 574.182 582.246 580.961 672.718 788.634 917.786 1046.85 1171.54 1083.98 242.224 0 0 0 0 0 0 0 0 0 0 0 0 0 0 0 0 0 0 0 0 0 0 0 0 0 0 0 0 0 
0 128.784 563.457 677.531 783.383 917.786 1067.83 1217.77 1362.54 1505.65 1378.54 306.228 0 0 0 0 0 0 0 0 0 0 0 0 0 0 0 0 0 0 0 0 0 0 0 0 0 0 0 0 
0 0 125.881 647.374 893.975 1046.85 1217.77 1388.57 1553.41 1716.33 1875.19 1698.98 377.189 0 0 0 0 0 0 0 0 0 0 0 0 0 0 0 0 0 0 0 0 0 0 0 0 0 0 0 
0 0 0 149.353 837.672 1171.54 1362.54 1553.41 1737.52 1919.46 2096.79 2266.93 2041.58 446.051 0 0 0 0 0 0 0 0 0 0 0 0 0 0 0 0 0 0 0 0 0 0 0 0 0 0 
0 0 0 0 188.861 1083.98 1505.65 1716.33 1919.46 2120.15 2315.7 2503.22 2696.72 2423.44 530.69 0 0 0 0 0 0 0 0 0 0 0 0 0 0 0 0 0 0 0 0 0 0 0 0 0 
0 0 0 0 0 242.224 1378.54 1875.19 2096.79 2315.7 2528.93 2733.27 2944.23 3162.09 2835.88 611.635 0 0 0 0 0 0 0 0 0 0 0 0 0 0 0 0 0 0 0 0 0 0 0 0 
0 0 0 0 0 0 306.228 1698.98 2266.93 2503.22 2733.27 2953.6 3181.18 3416.31 3664.63 3242.69 699.602 0 0 0 0 0 0 0 0 0 0 0 0 0 0 0 0 0 0 0 0 0 0 0 
0 0 0 0 0 0 0 377.189 2041.58 2696.72 2944.23 3181.18 3426 3679.04 3946.4 4176.67 3710.54 800.492 0 0 0 0 0 0 0 0 0 0 0 0 0 0 0 0 0 0 0 0 0 0 
0 0 0 0 0 0 0 0 446.051 2423.44 3162.09 3416.31 3679.04 3950.63 4237.7 4484.71 4770.34 4229.67 901.965 0 0 0 0 0 0 0 0 0 0 0 0 0 0 0 0 0 0 0 0 0 
0 0 0 0 0 0 0 0 0 530.69 2835.88 3664.63 3946.4 4237.7 4545.62 4810.51 5116.89 5428.48 4770.53 1021.55 0 0 0 0 0 0 0 0 0 0 0 0 0 0 0 0 0 0 0 0 
0 0 0 0 0 0 0 0 0 0 611.635 3242.69 4176.67 4484.71 4810.51 5090.32 5414.47 5744.21 6044.09 5321.33 1130.41 0 0 0 0 0 0 0 0 0 0 0 0 0 0 0 0 0 0 0 
0 0 0 0 0 0 0 0 0 0 0 699.602 3710.54 4770.34 5116.89 5414.47 5759.27 6110 6428.96 6774.04 5937.6 1261.77 0 0 0 0 0 0 0 0 0 0 0 0 0 0 0 0 0 0 
0 0 0 0 0 0 0 0 0 0 0 0 800.492 4229.67 5428.48 5744.21 6110 6482.1 6820.48 7186.59 7539.97 6588.35 1392.18 0 0 0 0 0 0 0 0 0 0 0 0 0 0 0 0 0 
0 0 0 0 0 0 0 0 0 0 0 0 0 901.965 4770.53 6044.09 6428.96 6820.48 7176.38 7561.57 7933.32 8299.92 7236.4 1532.5 0 0 0 0 0 0 0 0 0 0 0 0 0 0 0 0 
0 0 0 0 0 0 0 0 0 0 0 0 0 0 1021.55 5321.33 6774.04 7186.59 7561.57 7967.44 8359.14 8745.41 9131.7 7953.41 1675.94 0 0 0 0 0 0 0 0 0 0 0 0 0 0 0 
0 0 0 0 0 0 0 0 0 0 0 0 0 0 0 1130.41 5937.6 7539.97 7933.32 8359.14 8770.05 9175.27 9580.5 9994.55 8693.98 1829.97 0 0 0 0 0 0 0 0 0 0 0 0 0 0 
0 0 0 0 0 0 0 0 0 0 0 0 0 0 0 0 1261.77 6588.35 8299.92 8745.41 9175.27 9599.15 10023 10456.2 10891.7 9456.6 1987.48 0 0 0 0 0 0 0 0 0 0 0 0 0 
0 0 0 0 0 0 0 0 0 0 0 0 0 0 0 0 0 1392.18 7236.4 9131.7 9580.5 10023 10465.6 10917.9 11372.6 11829.4 10264.1 2157.81 0 0 0 0 0 0 0 0 0 0 0 0 
0 0 0 0 0 0 0 0 0 0 0 0 0 0 0 0 0 0 1532.5 7953.41 9994.55 10456.2 10917.9 11389.6 11864 12340.5 12820.1 11098.7 2321.51 0 0 0 0 0 0 0 0 0 0 0 
0 0 0 0 0 0 0 0 0 0 0 0 0 0 0 0 0 0 0 1675.94 8693.98 10891.7 11372.6 11864 12358 12854.4 13354 13849.3 11965.5 2505.78 0 0 0 0 0 0 0 0 0 0 
0 0 0 0 0 0 0 0 0 0 0 0 0 0 0 0 0 0 0 0 1829.97 9456.6 11829.4 12340.5 12854.4 13370.7 13890.3 14405.5 14913 12882 2697.45 0 0 0 0 0 0 0 0 0 
0 0 0 0 0 0 0 0 0 0 0 0 0 0 0 0 0 0 0 0 0 1987.48 10264.1 12820.1 13354 13890.3 14430.1 14965.4 15492.5 16027.2 13842.8 2888.35 0 0 0 0 0 0 0 0 
0 0 0 0 0 0 0 0 0 0 0 0 0 0 0 0 0 0 0 0 0 0 2157.81 11098.7 13849.3 14405.5 14965.4 15520.5 16067.1 16621.6 17197.4 14822.1 3086.98 0 0 0 0 0 0 0 
0 0 0 0 0 0 0 0 0 0 0 0 0 0 0 0 0 0 0 0 0 0 0 2321.51 11965.5 14913 15492.5 16067.1 16633 17207 17803.1 18378.9 15803.7 3302.25 0 0 0 0 0 0 
0 0 0 0 0 0 0 0 0 0 0 0 0 0 0 0 0 0 0 0 0 0 0 0 2505.78 12882 16027.2 16621.6 17207 17800.8 18417.5 19013.2 19579.6 16856.5 3502.77 0 0 0 0 0 
0 0 0 0 0 0 0 0 0 0 0 0 0 0 0 0 0 0 0 0 0 0 0 0 0 2697.45 13842.8 17197.4 17803.1 18417.5 19055.5 19671.8 20257.9 20893.8 17927.6 3735.75 0 0 0 0 
0 0 0 0 0 0 0 0 0 0 0 0 0 0 0 0 0 0 0 0 0 0 0 0 0 0 2888.35 14822.1 18378.9 19013.2 19671.8 20308 20913.1 21569.5 22167.9 19073.9 3958.57 0 0 0 
0 0 0 0 0 0 0 0 0 0 0 0 0 0 0 0 0 0 0 0 0 0 0 0 0 0 0 3086.98 15803.7 19579.6 20257.9 20913.1 21536.1 22212.1 22828.2 23531.1 20169.8 4189.38 0 0 
0 0 0 0 0 0 0 0 0 0 0 0 0 0 0 0 0 0 0 0 0 0 0 0 0 0 0 0 3302.25 16856.5 20893.8 21569.5 22212.1 22909.3 23544.8 24269.8 24919.1 21360 4434.23 0 
0 0 0 0 0 0 0 0 0 0 0 0 0 0 0 0 0 0 0 0 0 0 0 0 0 0 0 0 0 3502.77 17927.6 22167.9 22828.2 23544.8 24197.8 24943 25610.2 26296.9 22550.9 4676.75 
0 0 0 0 0 0 0 0 0 0 0 0 0 0 0 0 0 0 0 0 0 0 0 0 0 0 0 0 0 0 3735.75 19073.9 23531.1 24269.8 24943 25711 26398.9 27106.8 27848.9 23856.8 
0 0 0 0 0 0 0 0 0 0 0 0 0 0 0 0 0 0 0 0 0 0 0 0 0 0 0 0 0 0 0 3958.57 20169.8 24919.1 25610.2 26398.9 27105.1 27831.9 28593.9 29348.8 
0 0 0 0 0 0 0 0 0 0 0 0 0 0 0 0 0 0 0 0 0 0 0 0 0 0 0 0 0 0 0 0 4189.38 21360 26296.9 27106.8 27831.9 28578.2 29360.7 30135.8 
0 0 0 0 0 0 0 0 0 0 0 0 0 0 0 0 0 0 0 0 0 0 0 0 0 0 0 0 0 0 0 0 0 4434.23 22550.9 27848.9 28593.9 29360.7 30164.5 30960.9 
0 0 0 0 0 0 0 0 0 0 0 0 0 0 0 0 0 0 0 0 0 0 0 0 0 0 0 0 0 0 0 0 0 0 4676.75 23856.8 29348.8 30135.8 30960.9 31778.3 


0 0 0 0 86.3949 360.36 123.137 0 0 0 0 0 0 0 0 0 0 0 0 0 0 0 0 0 0 0 0 0 0 0 0 0 0 0 0 0 0 0 0 0 
0 0 0 89.3782 574.182 837.877 813.615 177.553 0 0 0 0 0 0 0 0 0 0 0 0 0 0 0 0 0 0 0 0 0 0 0 0 0 0 0 0 0 0 0 0 
0 0 70.2088 402.243 582.246 692.979 811.067 767.438 168.874 0 0 0 0 0 0 0 0 0 0 0 0 0 0 0 0 0 0 0 0 0 0 0 0 0 0 0 0 0 0 0 
0 89.3782 402.243 496.764 580.961 683.948 797.229 910.441 855.48 193.255 0 0 0 0 0 0 0 0 0 0 0 0 0 0 0 0 0 0 0 0 0 0 0 0 0 0 0 0 0 0 
86.3949 574.182 582.246 580.961 672.718 788.634 917.786 1046.85 1171.54 1083.98 242.224 0 0 0 0 0 0 0 0 0 0 0 0 0 0 0 0 0 0 0 0 0 0 0 0 0 0 0 0 0 
360.36 837.877 692.979 683.948 788.634 922.847 1073.24 1223.52 1368.46 1511.67 1384.56 306.505 0 0 0 0 0 0 0 0 0 0 0 0 0 0 0 0 0 0 0 0 0 0 0 0 0 0 0 0 
123.137 813.615 811.067 797.229 917.786 1073.24 1247.81 1422.25 1590.38 1756.47 1918.26 1740.78 385.975 0 0 0 0 0 0 0 0 0 0 0 0 0 0 0 0 0 0 0 0 0 0 0 0 0 0 0 
0 177.553 767.438 910.441 1046.85 1223.52 1422.25 1620.83 1812.13 2001.08 2185.06 2361.29 2134.73 471.954 0 0 0 0 0 0 0 0 0 0 0 0 0 0 0 0 0 0 0 0 0 0 0 0 0 0 
0 0 168.874 855.48 1171.54 1368.46 1590.38 1812.13 2025.62 2236.45 2441.66 2638.08 2841.05 2554.04 558.376 0 0 0 0 0 0 0 0 0 0 0 0 0 0 0 0 0 0 0 0 0 0 0 0 0 
0 0 0 193.255 1083.98 1511.67 1756.47 2001.08 2236.45 2468.85 2694.97 2911.27 3134.88 3366.12 3025.85 653.71 0 0 0 0 0 0 0 0 0 0 0 0 0 0 0 0 0 0 0 0 0 0 0 0 
0 0 0 0 242.224 1384.56 1918.26 2185.06 2441.66 2694.97 2941.34 3176.85 3420.45 3672.48 3939.21 3491.17 756.344 0 0 0 0 0 0 0 0 0 0 0 0 0 0 0 0 0 0 0 0 0 0 0 
0 0 0 0 0 306.505 1740.78 2361.29 2638.08 2911.27 3176.85 3430.54 3693.09 3964.87 4252.77 4498.95 4006.03 866.235 0 0 0 0 0 0 0 0 0 0 0 0 0 0 0 0 0 0 0 0 0 0 
0 0 0 0 0 0 385.975 2134.73 2841.05 3134.88 3420.45 3693.09 3975.36 4267.66 4577.48 4841.96 5150.16 4573.68 976.946 0 0 0 0 0 0 0 0 0 0 0 0 0 0 0 0 0 0 0 0 0 
0 0 0 0 0 0 0 471.954 2554.04 3366.12 3672.48 3964.87 4267.66 4581.3 4913.84 5197.43 5528.22 5864.95 5164.05 1106.96 0 0 0 0 0 0 0 0 0 0 0 0 0 0 0 0 0 0 0 0 
0 0 0 0 0 0 0 0 558.376 3025.85 3939.21 4252.77 4577.48 4913.84 5270.51 5574.6 5929.39 6290.56 6617.6 5836.78 1243.53 0 0 0 0 0 0 0 0 0 0 0 0 0 0 0 0 0 0 0 
0 0 0 0 0 0 0 0 0 653.71 3491.17 4498.95 4841.96 5197.43 5574.6 5895.56 6270.72 6652.71 6998.2 7373.69 6473.46 1374.87 0 0 0 0 0 0 0 0 0 0 0 0 0 0 0 0 0 0 
0 0 0 0 0 0 0 0 0 0 756.344 4006.03 5150.16 5528.22 5929.39 6270.72 6669.75 7076.05 7443.49 7842.88 8227.61 7206.73 1527.6 0 0 0 0 0 0 0 0 0 0 0 0 0 0 0 0 0 
0 0 0 0 0 0 0 0 0 0 0 866.235 4573.68 5864.95 6290.56 6652.71 7076.05 7507.09 7896.93 8320.65 8728.82 9131.04 7971.84 1688.04 0 0 0 0 0 0 0 0 0 0 0 0 0 0 0 0 
0 0 0 0 0 0 0 0 0 0 0 0 976.946 5164.05 6617.6 6998.2 7443.49 7896.93 8306.81 8752.5 9181.77 9604.74 10027.7 8753.8 1851.07 0 0 0 0 0 0 0 0 0 0 0 0 0 0 0 
0 0 0 0 0 0 0 0 0 0 0 0 0 1106.96 5836.78 7373.69 7842.88 8320.65 8752.5 9222.11 9674.4 10120 10565.7 11021.7 9602.58 2020.92 0 0 0 0 0 0 0 0 0 0 0 0 0 0 
0 0 0 0 0 0 0 0 0 0 0 0 0 0 1243.53 6473.46 8227.61 8728.82 9181.77 9674.4 10148.8 10616.3 11083.7 11562 12043 10477.4 2208.45 0 0 0 0 0 0 0 0 0 0 0 0 0 
0 0 0 0 0 0 0 0 0 0 0 0 0 0 0 1374.87 7206.73 9131.04 9604.74 10120 10616.3 11105.2 11594.1 12094.3 12597.4 13103 11387.8 2390.67 0 0 0 0 0 0 0 0 0 0 0 0 
0 0 0 0 0 0 0 0 0 0 0 0 0 0 0 0 1527.6 7971.84 10027.7 10565.7 11083.7 11594.1 12104.5 12626.7 13151.9 13679.7 14211.1 12329.6 2586.55 0 0 0 0 0 0 0 0 0 0 0 
0 0 0 0 0 0 0 0 0 0 0 0 0 0 0 0 0 1688.04 8753.8 11021.7 11562 12094.3 12626.7 13171.4 13719.3 14269.8 14824.1 15373.4 13304.7 2790.74 0 0 0 0 0 0 0 0 0 0 
0 0 0 0 0 0 0 0 0 0 0 0 0 0 0 0 0 0 1851.07 9602.58 12043 12597.4 13151.9 13719.3 14289.9 14863.4 15440.7 16012.9 16575.9 14343.5 3003.86 0 0 0 0 0 0 0 0 0 
0 0 0 0 0 0 0 0 0 0 0 0 0 0 0 0 0 0 0 2020.92 10477.4 13103 13679.7 14269.8 14863.4 15459.8 16060.3 16655.4 17241 17835.4 15438.7 3231.35 0 0 0 0 0 0 0 0 
0 0 0 0 0 0 0 0 0 0 0 0 0 0 0 0 0 0 0 0 2208.45 11387.8 14211.1 14824.1 15440.7 16060.3 16684.1 17302.3 17910.7 18528.2 19170.8 16553.9 3447.08 0 0 0 0 0 0 0 
0 0 0 0 0 0 0 0 0 0 0 0 0 0 0 0 0 0 0 0 0 2390.67 12329.6 15373.4 16012.9 16655.4 17302.3 17943.5 18574.3 19214.7 19881.1 20523.6 17674.4 3692.57 0 0 0 0 0 0 
0 0 0 0 0 0 0 0 0 0 0 0 0 0 0 0 0 0 0 0 0 0 2586.55 13304.7 16575.9 17241 17910.7 18574.3 19227.3 19890.2 20580.1 21245.2 21875.8 18877.4 3933.99 0 0 0 0 0 
0 0 0 0 0 0 0 0 0 0 0 0 0 0 0 0 0 0 0 0 0 0 0 2790.74 14343.5 17835.4 18528.2 19214.7 19890.2 20576 21289.6 21977.6 22629.9 23341.1 20059.7 4186.47 0 0 0 0 
0 0 0 0 0 0 0 0 0 0 0 0 0 0 0 0 0 0 0 0 0 0 0 0 3003.86 15438.7 19170.8 19881.1 20580.1 21289.6 22028 22739.9 23414.9 24150.7 24817.7 21399.5 4448.42 0 0 0 
0 0 0 0 0 0 0 0 0 0 0 0 0 0 0 0 0 0 0 0 0 0 0 0 0 3231.35 16553.9 20523.6 21245.2 21977.6 22739.9 23474.8 24171.5 24931.1 25619.7 26411.2 22678.6 4713.22 0 0 
0 0 0 0 0 0 0 0 0 0 0 0 0 0 0 0 0 0 0 0 0 0 0 0 0 0 3447.08 17674.4 21875.8 22629.9 23414.9 24171.5 24888.9 25671.1 26380 27195 27920.4 23978.9 4984.75 0 
0 0 0 0 0 0 0 0 0 0 0 0 0 0 0 0 0 0 0 0 0 0 0 0 0 0 0 3692.57 18877.4 23341.1 24150.7 24931.1 25671.1 26477.8 27209 28049.7 28797.8 29569.1 25405.6 5276.19 
0 0 0 0 0 0 0 0 0 0 0 0 0 0 0 0 0 0 0 0 0 0 0 0 0 0 0 0 3933.99 20059.7 24817.7 25619.7 26380 27209 27960.3 28824.3 29593 30385.5 31218.7 26795.4 
0 0 0 0 0 0 0 0 0 0 0 0 0 0 0 0 0 0 0 0 0 0 0 0 0 0 0 0 0 4186.47 21399.5 26411.2 27195 28049.7 28824.3 29714.8 30507.4 31324.4 32183.3 33033.8 
0 0 0 0 0 0 0 0 0 0 0 0 0 0 0 0 0 0 0 0 0 0 0 0 0 0 0 0 0 0 4448.42 22678.6 27920.4 28797.8 29593 30507.4 31321.1 32159.8 33041.7 33914.8 
0 0 0 0 0 0 0 0 0 0 0 0 0 0 0 0 0 0 0 0 0 0 0 0 0 0 0 0 0 0 0 4713.22 23978.9 29569.1 30385.5 31324.4 32159.8 33021.1 33926.6 34823.1 
0 0 0 0 0 0 0 0 0 0 0 0 0 0 0 0 0 0 0 0 0 0 0 0 0 0 0 0 0 0 0 0 4984.75 25405.6 31218.7 32183.3 33041.7 33926.6 34856.9 35778 
0 0 0 0 0 0 0 0 0 0 0 0 0 0 0 0 0 0 0 0 0 0 0 0 0 0 0 0 0 0 0 0 0 5276.19 26795.4 33033.8 33914.8 34823.1 35778 36723.4 


0 0 0 0 0 123.137 500.109 166.949 0 0 0 0 0 0 0 0 0 0 0 0 0 0 0 0 0 0 0 0 0 0 0 0 0 0 0 0 0 0 0 0 
0 0 0 0 128.784 813.615 1159.04 1099.51 236.216 0 0 0 0 0 0 0 0 0 0 0 0 0 0 0 0 0 0 0 0 0 0 0 0 0 0 0 0 0 0 0 
0 0 0 92.6218 563.457 811.067 949.187 1087.25 1010.77 218.405 0 0 0 0 0 0 0 0 0 0 0 0 0 0 0 0 0 0 0 0 0 0 0 0 0 0 0 0 0 0 
0 0 92.6218 486.033 677.531 797.229 929.095 1060.88 1188.64 1102.52 247.55 0 0 0 0 0 0 0 0 0 0 0 0 0 0 0 0 0 0 0 0 0 0 0 0 0 0 0 0 0 
0 128.784 563.457 677.531 783.383 917.786 1067.83 1217.77 1362.54 1505.65 1378.54 306.228 0 0 0 0 0 0 0 0 0 0 0 0 0 0 0 0 0 0 0 0 0 0 0 0 0 0 0 0 
123.137 813.615 811.067 797.229 917.786 1073.24 1247.81 1422.25 1590.38 1756.47 1918.26 1740.78 385.975 0 0 0 0 0 0 0 0 0 0 0 0 0 0 0 0 0 0 0 0 0 0 0 0 0 0 0 
500.109 1159.04 949.187 929.095 1067.83 1247.81 1450.38 1652.8 1847.76 2040.31 2227.78 2407.31 2179.16 482.733 0 0 0 0 0 0 0 0 0 0 0 0 0 0 0 0 0 0 0 0 0 0 0 0 0 0 
166.949 1099.51 1087.25 1060.88 1217.77 1422.25 1652.8 1883.18 2104.94 2323.93 2537.05 2741.01 2951.8 2662.94 591.23 0 0 0 0 0 0 0 0 0 0 0 0 0 0 0 0 0 0 0 0 0 0 0 0 0 
0 236.216 1010.77 1188.64 1362.54 1590.38 1847.76 2104.94 2352.36 2596.63 2834.26 3061.51 3296.49 3539.54 3181.01 688.361 0 0 0 0 0 0 0 0 0 0 0 0 0 0 0 0 0 0 0 0 0 0 0 0 
0 0 218.405 1102.52 1505.65 1756.47 2040.31 2323.93 2596.63 2865.83 3127.59 3377.75 3636.56 3904.38 4187.93 3717.5 809.554 0 0 0 0 0 0 0 0 0 0 0 0 0 0 0 0 0 0 0 0 0 0 0 
0 0 0 247.55 1378.54 1918.26 2227.78 2537.05 2834.26 3127.59 3412.71 3685.01 3966.85 4258.67 4567.86 4832.05 4307.55 938.297 0 0 0 0 0 0 0 0 0 0 0 0 0 0 0 0 0 0 0 0 0 0 
0 0 0 0 306.228 1740.78 2407.31 2741.01 3061.51 3377.75 3685.01 3978.21 4281.88 4596.46 4930.08 5214.41 5546.27 4933.24 1059.44 0 0 0 0 0 0 0 0 0 0 0 0 0 0 0 0 0 0 0 0 0 
0 0 0 0 0 385.975 2179.16 2951.8 3296.49 3636.56 3966.85 4281.88 4608.28 4946.54 5305.5 5610.88 5967.92 6331.46 5578.75 1202 0 0 0 0 0 0 0 0 0 0 0 0 0 0 0 0 0 0 0 0 
0 0 0 0 0 0 482.733 2662.94 3539.54 3904.38 4258.67 4596.46 4946.54 5309.44 5694.68 6022.06 6405.23 6795.42 7148.05 6313.63 1350.73 0 0 0 0 0 0 0 0 0 0 0 0 0 0 0 0 0 0 0 
0 0 0 0 0 0 0 591.23 3181.01 4187.93 4567.86 4930.08 5305.5 5694.68 6107.86 6458.89 6869.85 7288.35 7666.5 8077.83 7098.56 1517.06 0 0 0 0 0 0 0 0 0 0 0 0 0 0 0 0 0 0 
0 0 0 0 0 0 0 0 688.361 3717.5 4832.05 5214.41 5610.88 6022.06 6458.89 6829.29 7263.75 7706.27 8105.66 8540.52 8959.1 7854.16 1669.39 0 0 0 0 0 0 0 0 0 0 0 0 0 0 0 0 0 
0 0 0 0 0 0 0 0 0 809.554 4307.55 5546.27 5967.92 6405.23 6869.85 7263.75 7725.84 8196.52 8621.28 9083.79 9528.99 9967.55 8717.43 1858.29 0 0 0 0 0 0 0 0 0 0 0 0 0 0 0 0 
0 0 0 0 0 0 0 0 0 0 938.297 4933.24 6331.46 6795.42 7288.35 7706.27 8196.52 8695.86 9146.52 9637.21 10109.5 10574.8 11040.1 9643.91 2045.77 0 0 0 0 0 0 0 0 0 0 0 0 0 0 0 
0 0 0 0 0 0 0 0 0 0 0 1059.44 5578.75 7148.05 7666.5 8105.66 8621.28 9146.52 9620.28 10136.4 10633 11122.3 11611.5 12112.3 10569.3 2239.98 0 0 0 0 0 0 0 0 0 0 0 0 0 0 
0 0 0 0 0 0 0 0 0 0 0 0 1202 6313.63 8077.83 8540.52 9083.79 9637.21 10136.4 10680.1 11203.4 11718.9 12234.4 12762 13292.7 11573.9 2447.63 0 0 0 0 0 0 0 0 0 0 0 0 0 
0 0 0 0 0 0 0 0 0 0 0 0 0 1350.73 7098.56 8959.1 9528.99 10109.5 10633 11203.4 11752.3 12293 12833.7 13387.1 13943.7 14503.1 12620.7 2666.16 0 0 0 0 0 0 0 0 0 0 0 0 
0 0 0 0 0 0 0 0 0 0 0 0 0 0 1517.06 7854.16 9967.55 10574.8 11122.3 11718.9 12293 12858.4 13423.9 14002.7 14584.9 15170 15759.2 13683.7 2875.9 0 0 0 0 0 0 0 0 0 0 0 
0 0 0 0 0 0 0 0 0 0 0 0 0 0 0 1669.39 8717.43 11040.1 11611.5 12234.4 12833.7 13423.9 14014.1 14618.3 15226.1 15836.9 16452 17061.4 14785.7 3121.37 0 0 0 0 0 0 0 0 0 0 
0 0 0 0 0 0 0 0 0 0 0 0 0 0 0 0 1858.29 9643.91 12112.3 12762 13387.1 14002.7 14618.3 15248.6 15882.6 16519.7 17161.2 17796.9 18422.2 15956.3 3358.21 0 0 0 0 0 0 0 0 0 
0 0 0 0 0 0 0 0 0 0 0 0 0 0 0 0 0 2045.77 10569.3 13292.7 13943.7 14584.9 15226.1 15882.6 16542.9 17206.5 17874.7 18536.8 19188 19849.4 17198.7 3612.03 0 0 0 0 0 0 0 0 
0 0 0 0 0 0 0 0 0 0 0 0 0 0 0 0 0 0 2239.98 11573.9 14503.1 15170 15836.9 16519.7 17206.5 17896.7 18591.7 19280.3 19957.7 20645.6 21361.9 18471.2 3871.41 0 0 0 0 0 0 0 
0 0 0 0 0 0 0 0 0 0 0 0 0 0 0 0 0 0 0 2447.63 12620.7 15759.2 16452 17161.2 17874.7 18591.7 19313.7 20029.1 20732.7 21447.3 22191.5 22908.4 19748.7 4139.51 0 0 0 0 0 0 
0 0 0 0 0 0 0 0 0 0 0 0 0 0 0 0 0 0 0 0 2666.16 13683.7 17061.4 17796.9 18536.8 19280.3 20029.1 20770.9 21500.7 22241.7 23013.4 23757 24461.1 21124.9 4415.89 0 0 0 0 0 
0 0 0 0 0 0 0 0 0 0 0 0 0 0 0 0 0 0 0 0 0 2875.9 14785.7 18422.2 19188 19957.7 20732.7 21500.7 22256 23023 23821.9 24591.6 25320.4 26116.5 22477.9 4721.11 0 0 0 0 
0 0 0 0 0 0 0 0 0 0 0 0 0 0 0 0 0 0 0 0 0 0 3121.37 15956.3 19849.4 20645.6 21447.3 22241.7 23023 23816.5 24642.9 25439.1 26193 27016.5 27761.4 23960.3 5004.81 0 0 0 
0 0 0 0 0 0 0 0 0 0 0 0 0 0 0 0 0 0 0 0 0 0 0 3358.21 17198.7 21361.9 22191.5 23013.4 23821.9 24642.9 25498 26321.8 27101.9 27954 28724.8 29613.3 25458.6 5317.88 0 0 
0 0 0 0 0 0 0 0 0 0 0 0 0 0 0 0 0 0 0 0 0 0 0 0 3612.03 18471.2 22908.4 23757 24591.6 25439.1 26321.8 27172.2 27977.5 28857.1 29652.8 30570 31384.5 26981.3 5631.01 0 
0 0 0 0 0 0 0 0 0 0 0 0 0 0 0 0 0 0 0 0 0 0 0 0 0 3871.41 19748.7 24461.1 25320.4 26193 27101.9 27977.5 28806.6 29712.3 30531.4 31476 32314.5 33179.5 28540.7 5955.46 
0 0 0 0 0 0 0 0 0 0 0 0 0 0 0 0 0 0 0 0 0 0 0 0 0 0 4139.51 21124.9 26116.5 27016.5 27954 28857.1 29712.3 30646.4 31491.3 32465.5 33330.5 34222.7 35161.6 30211.8 
0 0 0 0 0 0 0 0 0 0 0 0 0 0 0 0 0 0 0 0 0 0 0 0 0 0 0 4415.89 22477.9 27761.4 28724.8 29652.8 30531.4 31491.3 32359.4 33360.6 34249.3 35166 36130.9 37086 
0 0 0 0 0 0 0 0 0 0 0 0 0 0 0 0 0 0 0 0 0 0 0 0 0 0 0 0 4721.11 23960.3 29613.3 30570 31476 32465.5 33360.6 34392.6 35308.9 36254.1 37248.7 38233.4 
0 0 0 0 0 0 0 0 0 0 0 0 0 0 0 0 0 0 0 0 0 0 0 0 0 0 0 0 0 5004.81 25458.6 31384.5 32314.5 33330.5 34249.3 35308.9 36249.5 37219.8 38241 39251.9 
0 0 0 0 0 0 0 0 0 0 0 0 0 0 0 0 0 0 0 0 0 0 0 0 0 0 0 0 0 0 5317.88 26981.3 33179.5 34222.7 35166 36254.1 37219.8 38216.1 39264.6 40302.6 
0 0 0 0 0 0 0 0 0 0 0 0 0 0 0 0 0 0 0 0 0 0 0 0 0 0 0 0 0 0 0 5631.01 28540.7 35161.6 36130.9 37248.7 38241 39264.6 40341.9 41408.3 
0 0 0 0 0 0 0 0 0 0 0 0 0 0 0 0 0 0 0 0 0 0 0 0 0 0 0 0 0 0 0 0 5955.46 30211.8 37086 38233.4 39251.9 40302.6 41408.3 42503 


0 0 0 0 0 0 166.949 662.536 217.618 0 0 0 0 0 0 0 0 0 0 0 0 0 0 0 0 0 0 0 0 0 0 0 0 0 0 0 0 0 0 0 
0 0 0 0 0 177.553 1099.51 1532.07 1427.06 301.218 0 0 0 0 0 0 0 0 0 0 0 0 0 0 0 0 0 0 0 0 0 0 0 0 0 0 0 0 0 0 
0 0 0 0 125.881 767.438 1087.25 1245.32 1400.09 1283.14 274.565 0 0 0 0 0 0 0 0 0 0 0 0 0 0 0 0 0 0 0 0 0 0 0 0 0 0 0 0 0 
0 0 0 113.65 647.374 910.441 1060.88 1211.22 1356.92 1501.13 1376.25 306.596 0 0 0 0 0 0 0 0 0 0 0 0 0 0 0 0 0 0 0 0 0 0 0 0 0 0 0 0 
0 0 125.881 647.374 893.975 1046.85 1217.77 1388.57 1553.41 1716.33 1875.19 1698.98 377.189 0 0 0 0 0 0 0 0 0 0 0 0 0 0 0 0 0 0 0 0 0 0 0 0 0 0 0 
0 177.553 767.438 910.441 1046.85 1223.52 1422.25 1620.83 1812.13 2001.08 2185.06 2361.29 2134.73 471.954 0 0 0 0 0 0 0 0 0 0 0 0 0 0 0 0 0 0 0 0 0 0 0 0 0 0 
166.949 1099.51 1087.25 1060.88 1217.77 1422.25 1652.8 1883.18 2104.94 2323.93 2537.05 2741.01 2951.8 2662.94 591.23 0 0 0 0 0 0 0 0 0 0 0 0 0 0 0 0 0 0 0 0 0 0 0 0 0 
662.536 1532.07 1245.32 1211.22 1388.57 1620.83 1883.18 2145.32 2397.52 2646.52 2888.75 3120.42 3359.95 3607.7 3249.46 712.839 0 0 0 0 0 0 0 0 0 0 0 0 0 0 0 0 0 0 0 0 0 0 0 0 
217.618 1427.06 1400.09 1356.92 1553.41 1812.13 2104.94 2397.52 2678.83 2956.52 3226.54 3484.58 3751.54 4027.82 4320.33 3828.67 833.417 0 0 0 0 0 0 0 0 0 0 0 0 0 0 0 0 0 0 0 0 0 0 0 
0 301.218 1283.14 1501.13 1716.33 2001.08 2323.93 2646.52 2956.52 3262.47 3559.85 3843.84 4137.8 4442.17 4764.68 5040.22 4494.06 981.862 0 0 0 0 0 0 0 0 0 0 0 0 0 0 0 0 0 0 0 0 0 0 
0 0 274.565 1376.25 1875.19 2185.06 2537.05 2888.75 3226.54 3559.85 3883.69 4192.72 4512.78 4844.34 5195.96 5495.65 5845.41 5197.49 1122.04 0 0 0 0 0 0 0 0 0 0 0 0 0 0 0 0 0 0 0 0 0 
0 0 0 306.596 1698.98 2361.29 2741.01 3120.42 3484.58 3843.84 4192.72 4525.4 4870.15 5227.49 5606.8 5929.23 6306.51 6690.68 5895.55 1274.35 0 0 0 0 0 0 0 0 0 0 0 0 0 0 0 0 0 0 0 0 
0 0 0 0 377.189 2134.73 2951.8 3359.95 3751.54 4137.8 4512.78 4870.15 5240.63 5624.81 6032.86 6379.09 6784.93 7198.27 7571.48 6682.52 1433.84 0 0 0 0 0 0 0 0 0 0 0 0 0 0 0 0 0 0 0 
0 0 0 0 0 471.954 2662.94 3607.7 4027.82 4442.17 4844.34 5227.49 5624.81 6036.91 6474.8 6845.93 7281.43 7725.03 8125.29 8561.19 7522.32 1610.82 0 0 0 0 0 0 0 0 0 0 0 0 0 0 0 0 0 0 
0 0 0 0 0 0 591.23 3249.46 4320.33 4764.68 5195.96 5606.8 6032.86 6474.8 6944.44 7342.37 7809.44 8285.21 8714.44 9181.94 9631.87 8439.05 1800.85 0 0 0 0 0 0 0 0 0 0 0 0 0 0 0 0 0 
0 0 0 0 0 0 0 712.839 3828.67 5040.22 5495.65 5929.23 6379.09 6845.93 7342.37 7762.15 8255.85 8758.85 9212.09 9706.25 10181.6 10649.8 9307.4 1985.1 0 0 0 0 0 0 0 0 0 0 0 0 0 0 0 0 
0 0 0 0 0 0 0 0 833.417 4494.06 5845.41 6306.51 6784.93 7281.43 7809.44 8255.85 8780.95 9315.94 9797.96 10323.5 10829.1 11327.1 11825 10331.9 2201.5 0 0 0 0 0 0 0 0 0 0 0 0 0 0 0 
0 0 0 0 0 0 0 0 0 981.862 5197.49 6690.68 7198.27 7725.03 8285.21 8758.85 9315.94 9883.53 10394.9 10952.5 11488.9 12017.2 12545.6 13086.4 11408.6 2419.99 0 0 0 0 0 0 0 0 0 0 0 0 0 0 
0 0 0 0 0 0 0 0 0 0 1122.04 5895.55 7571.48 8125.29 8714.44 9212.09 9797.96 10394.9 10932.5 11518.9 12082.9 12638.4 13193.8 13762.6 14334.6 12480.9 2652.04 0 0 0 0 0 0 0 0 0 0 0 0 0 
0 0 0 0 0 0 0 0 0 0 0 1274.35 6682.52 8561.19 9181.94 9706.25 10323.5 10952.5 11518.9 12136.8 12731.1 13316.3 13901.5 14500.7 15103.5 15709.3 13659.5 2888.46 0 0 0 0 0 0 0 0 0 0 0 0 
0 0 0 0 0 0 0 0 0 0 0 0 1433.84 7522.32 9631.87 10181.6 10829.1 11488.9 12082.9 12731.1 13354.3 13968.1 14581.9 15210.4 15842.7 16478.1 17117.9 14858.4 3135.2 0 0 0 0 0 0 0 0 0 0 0 
0 0 0 0 0 0 0 0 0 0 0 0 0 1610.82 8439.05 10649.8 11327.1 12017.2 12638.4 13316.3 13968.1 14610 15251.9 15909.2 16570.5 17235.1 17904.3 18567.4 16077.4 3392.48 0 0 0 0 0 0 0 0 0 0 
